5.08E+02
4.01E+02
2.21E+02
4.67E+02
3.7961E+02
2.1249E+02
3.6578E+02
3.2354E+02
1.8989E+02
2.4992E+02
2.5045E+02
1.5821E+02
1.5644E+02
1.7939E+02
1.2392E+02
9.5861E+01
1.2246E+02
9.2502E+01
6.0334E+01
8.2557E+01
6.7057E+01
3.9262E+01
5.6486E+01
4.8212E+01
2.6333E+01
3.9547E+01
3.4966E+01
1.8357E+01
2.8240E+01
2.5770E+01
1.3281E+01
2.0579E+01
1.9283E+01
9.8597E+00
1.5385E+01
1.4623E+01
7.5091E+00
1.1799E+01
1.1256E+01
5.8754E+00
9.2206E+00
8.8245E+00
4.6828E+00
7.3174E+00
7.0474E+00
3.7887E+00
5.9092E+00
5.7126E+00
3.1226E+00
4.8571E+00
4.6838E+00
2.6118E+00
4.0434E+00
3.8837E+00
2.2058E+00
3.3970E+00
3.2617E+00
1.8858E+00
2.8847E+00
2.7737E+00
1.6320E+00
2.4806E+00
2.3815E+00
1.4225E+00
2.1556E+00
2.0593E+00
1.2493E+00
1.8882E+00
1.7935E+00
1.1081E+00
1.6684E+00
1.5757E+00
9.8922E-01
1.4879E+00
1.3967E+00
8.8738E-01
1.3354E+00
1.2465E+00
8.0193E-01
1.2024E+00
1.1180E+00
7.2936E-01
1.0868E+00
1.0079E+00
6.6605E-01
9.8836E-01
9.1411E-01
6.1189E-01
9.0419E-01
8.3410E-01
5.6591E-01
8.3052E-01
7.6450E-01
5.2520E-01
7.6571E-01
7.0290E-01
4.8874E-01
7.0953E-01
6.4850E-01
4.5677E-01
6.6067E-01
6.0109E-01
4.2832E-01
6.1706E-01
5.5984E-01
4.0263E-01
5.7779E-01
5.2333E-01
3.7996E-01
5.4304E-01
4.9042E-01
3.5987E-01
5.1244E-01
4.6075E-01
3.4153E-01
4.8486E-01
4.3432E-01
3.2498E-01
4.5956E-01
4.1081E-01
3.1027E-01
4.3661E-01
3.8959E-01
2.9686E-01
4.1603E-01
3.7014E-01
2.8455E-01
3.9727E-01
3.5238E-01
2.7346E-01
3.7988E-01
3.3639E-01
2.6328E-01
3.6389E-01
3.2203E-01
2.5374E-01
3.4937E-01
3.0890E-01
2.4505E-01
3.3606E-01
2.9667E-01
2.3727E-01
3.2377E-01
2.8527E-01
2.3013E-01
3.1277E-01
2.7480E-01
2.2359E-01
3.0333E-01
2.6526E-01
2.1761E-01
2.9523E-01
2.5650E-01
2.1198E-01
2.8784E-01
2.4835E-01
2.0667E-01
2.8075E-01
2.4077E-01
2.0178E-01
2.7389E-01
2.3377E-01
1.9725E-01
2.6725E-01
2.2731E-01
1.9287E-01
2.6073E-01
2.2124E-01
1.8865E-01
2.5438E-01
2.1547E-01
1.8463E-01
2.4836E-01
2.1003E-01
1.8086E-01
2.4277E-01
2.0498E-01
1.7745E-01
2.3757E-01
2.0036E-01
1.7438E-01
2.3267E-01
1.9608E-01
1.7145E-01
2.2808E-01
1.9204E-01
1.6855E-01
2.2378E-01
1.8821E-01
1.6583E-01
2.1972E-01
1.8460E-01
1.6334E-01
2.1583E-01
1.8119E-01
1.6101E-01
2.1217E-01
1.7794E-01
1.5884E-01
2.0876E-01
1.7482E-01
1.5680E-01
2.0552E-01
1.7184E-01
1.5483E-01
2.0236E-01
1.6905E-01
1.5290E-01
1.9930E-01
1.6645E-01
1.5107E-01
1.9639E-01
1.6398E-01
1.4928E-01
1.9363E-01
1.6158E-01
1.4748E-01
1.9095E-01
1.5925E-01
1.4571E-01
1.8828E-01
1.5701E-01
1.4404E-01
1.8565E-01
1.5489E-01
1.4248E-01
1.8311E-01
1.5289E-01
1.4107E-01
1.8081E-01
1.5101E-01
1.3975E-01
1.7897E-01
1.4920E-01
1.3845E-01
1.7775E-01
1.4748E-01
1.3712E-01
1.7711E-01
1.4581E-01
1.3582E-01
1.7674E-01
1.4417E-01
1.3459E-01
1.7620E-01
1.4255E-01
1.3343E-01
1.7513E-01
1.4095E-01
1.3232E-01
1.7338E-01
1.3942E-01
1.3125E-01
1.7102E-01
1.3796E-01
1.3022E-01
1.6832E-01
1.3658E-01
1.2924E-01
1.6565E-01
1.3526E-01
1.2829E-01
1.6330E-01
1.3399E-01
1.2733E-01
1.6138E-01
1.3276E-01
1.2633E-01
1.5980E-01
1.3160E-01
1.2534E-01
1.5844E-01
1.3048E-01
1.2437E-01
1.5719E-01
1.2941E-01
1.2345E-01
1.5602E-01
1.2837E-01
1.2258E-01
1.5494E-01
1.2735E-01
1.2174E-01
1.5392E-01
1.2635E-01
1.2093E-01
1.5293E-01
1.2533E-01
1.2017E-01
1.5193E-01
1.2428E-01
1.1944E-01
1.5091E-01
1.2322E-01
1.1872E-01
1.4989E-01
1.2217E-01
1.1794E-01
1.4892E-01
1.2118E-01
1.1714E-01
1.4801E-01
1.2025E-01
1.1634E-01
1.4713E-01
1.1940E-01
1.1556E-01
1.4622E-01
1.1861E-01
1.1481E-01
1.4527E-01
1.1783E-01
1.1408E-01
1.4428E-01
1.1702E-01
1.1336E-01
1.4329E-01
1.1619E-01
1.1266E-01
1.4234E-01
1.1533E-01
1.1200E-01
1.4142E-01
1.1448E-01
1.1135E-01
1.4052E-01
1.1368E-01
1.1070E-01
1.3961E-01
1.1292E-01
1.1005E-01
1.3866E-01
1.1219E-01
1.0942E-01
1.3770E-01
1.1146E-01
1.0882E-01
1.3678E-01
1.1072E-01
1.0824E-01
1.3588E-01
1.1001E-01
1.0766E-01
1.3500E-01
1.0932E-01
1.0707E-01
1.3411E-01
1.0866E-01
1.0647E-01
1.3324E-01
1.0801E-01
1.0589E-01
1.3241E-01
1.0734E-01
1.0534E-01
1.3165E-01
1.0666E-01
1.0480E-01
1.3093E-01
1.0596E-01
1.0423E-01
1.3022E-01
1.0524E-01
1.0364E-01
1.2948E-01
1.0452E-01
1.0304E-01
1.2870E-01
1.0379E-01
1.0244E-01
1.2792E-01
1.0307E-01
1.0184E-01
1.2716E-01
1.0237E-01
1.0124E-01
1.2645E-01
1.0170E-01
1.0069E-01
1.2578E-01
1.0107E-01
1.0018E-01
1.2512E-01
1.0048E-01
9.9668E-02
1.2446E-01
9.9942E-02
9.9118E-02
1.2384E-01
9.9437E-02
9.8541E-02
1.2325E-01
9.8951E-02
9.7976E-02
1.2269E-01
9.8459E-02
9.7443E-02
1.2215E-01
9.7945E-02
9.6934E-02
1.2159E-01
9.7406E-02
9.6432E-02
1.2102E-01
9.6856E-02
9.5936E-02
1.2043E-01
9.6307E-02
9.5456E-02
1.1985E-01
9.5768E-02
9.4985E-02
1.1928E-01
9.5237E-02
9.4495E-02
1.1871E-01
9.4705E-02
9.3973E-02
1.1812E-01
9.4163E-02
9.3444E-02
1.1752E-01
9.3604E-02
9.2934E-02
1.1692E-01
9.3032E-02
9.2441E-02
1.1634E-01
9.2458E-02
9.1962E-02
1.1576E-01
9.1893E-02
9.1493E-02
1.1517E-01
9.1342E-02
9.1020E-02
1.1453E-01
9.0797E-02
9.0529E-02
1.1383E-01
9.0249E-02
9.0042E-02
1.1305E-01
8.9692E-02
8.9585E-02
1.1225E-01
8.9133E-02
8.9151E-02
1.1150E-01
8.8585E-02
8.8720E-02
1.1087E-01
8.8057E-02
8.8273E-02
1.1041E-01
8.7550E-02
8.7797E-02
1.1009E-01
8.7054E-02
8.7300E-02
1.0980E-01
8.6562E-02
8.6802E-02
1.0940E-01
8.6071E-02
8.6313E-02
1.0879E-01
8.5582E-02
8.5833E-02
1.0796E-01
8.5103E-02
8.5403E-02
1.0700E-01
8.4638E-02
8.5083E-02
1.0603E-01
8.4180E-02
8.4836E-02
1.0516E-01
8.3721E-02
8.4482E-02
1.0439E-01
8.3250E-02
8.3822E-02
1.0370E-01
8.2765E-02
8.2860E-02
1.0304E-01
8.2272E-02
8.1867E-02
1.0239E-01
8.1785E-02
8.1179E-02
1.0176E-01
8.1307E-02
8.0897E-02
1.0118E-01
8.0837E-02
8.0828E-02
1.0062E-01
8.0363E-02
8.0722E-02
1.0008E-01
7.9883E-02
8.0481E-02
9.9515E-02
7.9401E-02
8.0145E-02
9.8950E-02
7.8928E-02
7.9768E-02
9.8401E-02
7.8470E-02
7.9357E-02
9.7875E-02
7.8024E-02
7.8910E-02
9.7351E-02
7.7580E-02
7.8445E-02
9.6803E-02
7.7125E-02
7.7981E-02
9.6236E-02
7.6659E-02
7.7475E-02
9.5675E-02
7.6187E-02
7.6877E-02
9.5141E-02
7.5720E-02
7.6269E-02
9.4626E-02
7.5268E-02
7.5828E-02
9.4101E-02
7.4830E-02
7.5584E-02
9.3554E-02
7.4398E-02
7.5354E-02
9.3001E-02
7.3960E-02
7.4976E-02
9.2471E-02
7.3514E-02
7.4492E-02
9.1969E-02
7.3065E-02
7.4026E-02
9.1471E-02
7.2626E-02
7.3607E-02
9.0953E-02
7.2204E-02
7.3204E-02
9.0415E-02
7.1794E-02
7.2813E-02
8.9883E-02
7.1383E-02
7.2442E-02
8.9381E-02
7.0960E-02
7.2066E-02
8.8908E-02
7.0527E-02
7.1658E-02
8.8437E-02
7.0095E-02
7.1228E-02
8.7948E-02
6.9678E-02
7.0799E-02
8.7437E-02
6.9279E-02
7.0373E-02
8.6908E-02
6.8891E-02
6.9937E-02
8.6360E-02
6.8500E-02
6.9492E-02
8.5784E-02
6.8100E-02
6.9064E-02
8.5188E-02
6.7692E-02
6.8677E-02
8.4599E-02
6.7282E-02
6.8323E-02
8.4047E-02
6.6876E-02
6.7970E-02
8.3541E-02
6.6468E-02
6.7595E-02
8.3063E-02
6.6056E-02
6.7191E-02
8.2586E-02
6.5638E-02
6.6763E-02
8.2106E-02
6.5221E-02
6.6339E-02
8.1635E-02
6.4817E-02
6.5951E-02
8.1183E-02
6.4433E-02
6.5595E-02
8.0744E-02
6.4066E-02
6.5225E-02
8.0301E-02
6.3702E-02
6.4806E-02
7.9845E-02
6.3328E-02
6.4356E-02
7.9386E-02
6.2940E-02
6.3927E-02
7.8940E-02
6.2546E-02
6.3539E-02
7.8500E-02
6.2159E-02
6.3175E-02
7.8041E-02
6.1784E-02
6.2815E-02
7.7542E-02
6.1416E-02
6.2469E-02
7.7015E-02
6.1042E-02
6.2138E-02
7.6501E-02
6.0656E-02
6.1796E-02
7.6035E-02
6.0260E-02
6.1423E-02
7.5619E-02
5.9865E-02
6.1039E-02
7.5227E-02
5.9480E-02
6.0670E-02
7.4835E-02
5.9109E-02
6.0310E-02
7.4438E-02
5.8746E-02
5.9945E-02
7.4033E-02
5.8388E-02
5.9586E-02
7.3608E-02
5.8036E-02
5.9255E-02
7.3146E-02
5.7694E-02
5.8943E-02
7.2646E-02
5.7365E-02
5.8621E-02
7.2130E-02
5.7046E-02
5.8285E-02
7.1626E-02
5.6725E-02
5.7948E-02
7.1151E-02
5.6393E-02
5.7612E-02
7.0701E-02
5.6045E-02
5.7265E-02
7.0267E-02
5.5686E-02
5.6912E-02
6.9847E-02
5.5324E-02
5.6577E-02
6.9440E-02
5.4964E-02
5.6266E-02
6.9040E-02
5.4608E-02
5.5952E-02
6.8631E-02
5.4256E-02
5.5618E-02
6.8204E-02
5.3905E-02
5.5283E-02
6.7770E-02
5.3558E-02
5.4964E-02
6.7341E-02
5.3217E-02
5.4651E-02
6.6924E-02
5.2881E-02
5.4321E-02
6.6508E-02
5.2545E-02
5.3976E-02
6.6086E-02
5.2207E-02
5.3633E-02
6.5663E-02
5.1866E-02
5.3303E-02
6.5254E-02
5.1526E-02
5.2974E-02
6.4861E-02
5.1193E-02
5.2639E-02
6.4469E-02
5.0871E-02
5.2302E-02
6.4061E-02
5.0556E-02
5.1969E-02
6.3638E-02
5.0244E-02
5.1639E-02
6.3218E-02
4.9929E-02
5.1308E-02
6.2812E-02
4.9609E-02
5.0978E-02
6.2419E-02
4.9287E-02
5.0647E-02
6.2028E-02
4.8968E-02
5.0311E-02
6.1638E-02
4.8654E-02
4.9973E-02
6.1253E-02
4.8346E-02
4.9642E-02
6.0875E-02
4.8044E-02
4.9321E-02
6.0500E-02
4.7749E-02
4.9005E-02
6.0127E-02
4.7455E-02
4.8700E-02
5.9774E-02
4.7159E-02
4.8406E-02
5.9458E-02
4.6852E-02
4.8115E-02
5.9175E-02
4.6533E-02
4.7814E-02
5.8891E-02
4.6207E-02
4.7506E-02
5.8556E-02
4.5884E-02
4.7205E-02
5.8145E-02
4.5576E-02
4.6915E-02
5.7667E-02
4.5287E-02
4.6634E-02
5.7159E-02
4.5012E-02
4.6355E-02
5.6660E-02
4.4741E-02
4.6076E-02
5.6196E-02
4.4466E-02
4.5789E-02
5.5783E-02
4.4186E-02
4.5490E-02
5.5421E-02
4.3902E-02
4.5173E-02
5.5098E-02
4.3616E-02
4.4839E-02
5.4790E-02
4.3328E-02
4.4508E-02
5.4478E-02
4.3037E-02
4.4217E-02
5.4157E-02
4.2743E-02
4.3989E-02
5.3834E-02
4.2450E-02
4.3798E-02
5.3510E-02
4.2164E-02
4.3598E-02
5.3176E-02
4.1886E-02
4.3363E-02
5.2822E-02
4.1614E-02
4.3103E-02
5.2454E-02
4.1342E-02
4.2826E-02
5.2094E-02
4.1062E-02
4.2532E-02
5.1759E-02
4.0768E-02
4.2231E-02
5.1447E-02
4.0459E-02
4.1941E-02
5.1137E-02
4.0141E-02
4.1670E-02
5.0815E-02
3.9822E-02
4.1407E-02
5.0481E-02
3.9510E-02
4.1143E-02
5.0146E-02
3.9222E-02
4.0882E-02
4.9817E-02
3.8981E-02
4.0624E-02
4.9492E-02
3.8809E-02
4.0365E-02
4.9169E-02
3.8709E-02
4.0106E-02
4.8848E-02
3.8649E-02
3.9847E-02
4.8527E-02
3.8568E-02
3.9586E-02
4.8202E-02
3.8402E-02
3.9320E-02
4.7868E-02
3.8120E-02
3.9054E-02
4.7530E-02
3.7743E-02
3.8800E-02
4.7200E-02
3.7329E-02
3.8562E-02
4.6886E-02
3.6937E-02
3.8339E-02
4.6587E-02
3.6599E-02
3.8125E-02
4.6296E-02
3.6314E-02
3.7905E-02
4.6007E-02
3.6065E-02
3.7665E-02
4.5722E-02
3.5836E-02
3.7402E-02
4.5441E-02
3.5618E-02
3.7130E-02
4.5158E-02
3.5407E-02
3.6866E-02
4.4869E-02
3.5197E-02
3.6617E-02
4.4574E-02
3.4981E-02
3.6386E-02
4.4282E-02
3.4760E-02
3.6172E-02
4.3997E-02
3.4536E-02
3.5969E-02
4.3716E-02
3.4311E-02
3.5765E-02
4.3431E-02
3.4083E-02
3.5554E-02
4.3140E-02
3.3850E-02
3.5318E-02
4.2848E-02
3.3610E-02
3.5044E-02
4.2562E-02
3.3371E-02
3.4745E-02
4.2281E-02
3.3139E-02
3.4473E-02
4.1996E-02
3.2916E-02
3.4258E-02
4.1705E-02
3.2700E-02
3.4083E-02
4.1410E-02
3.2485E-02
3.3909E-02
4.1115E-02
3.2271E-02
3.3718E-02
4.0817E-02
3.2062E-02
3.3505E-02
4.0515E-02
3.1857E-02
3.3273E-02
4.0223E-02
3.1653E-02
3.3038E-02
3.9978E-02
3.1443E-02
3.2815E-02
3.9807E-02
3.1223E-02
3.2598E-02
3.9697E-02
3.0995E-02
3.2366E-02
3.9587E-02
3.0768E-02
3.2127E-02
3.9399E-02
3.0551E-02
3.1904E-02
3.9091E-02
3.0347E-02
3.1695E-02
3.8685E-02
3.0153E-02
3.1484E-02
3.8248E-02
2.9962E-02
3.1286E-02
3.7846E-02
2.9768E-02
3.1108E-02
3.7515E-02
2.9570E-02
3.0923E-02
3.7250E-02
2.9371E-02
3.0710E-02
3.7030E-02
2.9173E-02
3.0495E-02
3.6830E-02
2.8974E-02
3.0297E-02
3.6635E-02
2.8774E-02
3.0089E-02
3.6439E-02
2.8572E-02
2.9867E-02
3.6237E-02
2.8372E-02
2.9668E-02
3.6027E-02
2.8178E-02
2.9505E-02
3.5806E-02
2.7990E-02
2.9330E-02
3.5574E-02
2.7804E-02
2.9128E-02
3.5336E-02
2.7615E-02
2.8940E-02
3.5099E-02
2.7425E-02
2.8764E-02
3.4866E-02
2.7240E-02
2.8557E-02
3.4633E-02
2.7064E-02
2.8331E-02
3.4393E-02
2.6894E-02
2.8143E-02
3.4145E-02
2.6723E-02
2.7984E-02
3.3893E-02
2.6549E-02
2.7796E-02
3.3644E-02
2.6371E-02
2.7592E-02
3.3401E-02
2.6194E-02
2.7425E-02
3.3168E-02
2.6016E-02
2.7261E-02
3.2946E-02
2.5831E-02
2.7050E-02
3.2731E-02
2.5638E-02
2.6841E-02
3.2511E-02
2.5443E-02
2.6687E-02
3.2280E-02
2.5258E-02
2.6534E-02
3.2045E-02
2.5093E-02
2.6332E-02
3.1820E-02
2.4943E-02
2.6147E-02
3.1615E-02
2.4795E-02
2.6013E-02
3.1418E-02
2.4635E-02
2.5845E-02
3.1214E-02
2.4462E-02
2.5612E-02
3.1001E-02
2.4284E-02
2.5414E-02
3.0790E-02
2.4106E-02
2.5270E-02
3.0584E-02
2.3932E-02
2.5075E-02
3.0375E-02
2.3759E-02
2.4837E-02
3.0158E-02
2.3585E-02
2.4674E-02
2.9938E-02
2.3416E-02
2.4557E-02
2.9727E-02
2.3255E-02
2.4354E-02
2.9526E-02
2.3099E-02
2.4122E-02
2.9324E-02
2.2943E-02
2.3983E-02
2.9118E-02
2.2782E-02
2.3835E-02
2.8915E-02
2.2622E-02
2.3571E-02
2.8722E-02
2.2476E-02
2.3395E-02
2.8532E-02
2.2347E-02
2.3476E-02
2.8335E-02
2.2223E-02
2.3681E-02
2.8128E-02
2.2077E-02
2.4087E-02
2.7921E-02
2.1891E-02
2.5065E-02
2.7710E-02
2.1669E-02
2.6083E-02
2.7479E-02
2.1439E-02
2.5358E-02
2.7233E-02
2.1239E-02
2.2044E-02
2.7011E-02
2.1092E-02
1.8168E-02
2.6863E-02
2.0992E-02
1.6784E-02
2.6788E-02
2.0916E-02
1.8459E-02
2.6727E-02
2.0834E-02
2.0969E-02
2.6598E-02
2.0729E-02
2.2307E-02
2.6369E-02
2.0599E-02
2.2467E-02
2.6078E-02
2.0451E-02
2.2271E-02
2.5786E-02
2.0290E-02
2.1985E-02
2.5534E-02
2.0121E-02
2.1558E-02
2.5323E-02
1.9951E-02
2.1160E-02
2.5139E-02
1.9783E-02
2.0920E-02
2.4971E-02
1.9624E-02
2.0711E-02
2.4811E-02
1.9474E-02
2.0463E-02
2.4653E-02
1.9330E-02
2.0275E-02
2.4491E-02
1.9190E-02
2.0155E-02
2.4325E-02
1.9051E-02
1.9997E-02
2.4157E-02
1.8915E-02
1.9808E-02
2.3989E-02
1.8784E-02
1.9669E-02
2.3821E-02
1.8656E-02
1.9549E-02
2.3656E-02
1.8530E-02
1.9380E-02
2.3495E-02
1.8401E-02
1.9201E-02
2.3336E-02
1.8270E-02
1.9060E-02
2.3174E-02
1.8135E-02
1.8920E-02
2.3010E-02
1.7998E-02
1.8763E-02
2.2846E-02
1.7859E-02
1.8634E-02
2.2686E-02
1.7721E-02
1.8536E-02
2.2523E-02
1.7587E-02
1.8415E-02
2.2352E-02
1.7459E-02
1.8266E-02
2.2176E-02
1.7335E-02
1.8122E-02
2.2002E-02
1.7213E-02
1.7973E-02
2.1833E-02
1.7092E-02
1.7807E-02
2.1663E-02
1.6972E-02
1.7666E-02
2.1486E-02
1.6854E-02
1.7580E-02
2.1306E-02
1.6736E-02
1.7496E-02
2.1131E-02
1.6614E-02
1.7365E-02
2.0968E-02
1.6487E-02
1.7208E-02
2.0816E-02
1.6356E-02
1.7055E-02
2.0671E-02
1.6229E-02
1.6909E-02
2.0530E-02
1.6109E-02
1.6775E-02
2.0389E-02
1.5994E-02
1.6662E-02
2.0248E-02
1.5877E-02
1.6554E-02
2.0105E-02
1.5757E-02
1.6432E-02
1.9961E-02
1.5636E-02
1.6307E-02
1.9820E-02
1.5521E-02
1.6196E-02
1.9680E-02
1.5413E-02
1.6084E-02
1.9538E-02
1.5308E-02
1.5963E-02
1.9391E-02
1.5201E-02
1.5843E-02
1.9241E-02
1.5087E-02
1.5730E-02
1.9091E-02
1.4970E-02
1.5611E-02
1.8946E-02
1.4853E-02
1.5489E-02
1.8806E-02
1.4737E-02
1.5369E-02
1.8668E-02
1.4619E-02
1.5248E-02
1.8519E-02
1.4499E-02
1.5124E-02
1.8354E-02
1.4379E-02
1.5008E-02
1.8185E-02
1.4264E-02
1.4904E-02
1.8040E-02
1.4158E-02
1.4803E-02
1.7939E-02
1.4062E-02
1.4696E-02
1.7868E-02
1.3971E-02
1.4588E-02
1.7784E-02
1.3880E-02
1.4475E-02
1.7655E-02
1.3788E-02
1.4351E-02
1.7487E-02
1.3690E-02
1.4229E-02
1.7312E-02
1.3586E-02
1.4121E-02
1.7156E-02
1.3477E-02
1.4027E-02
1.7021E-02
1.3365E-02
1.3930E-02
1.6894E-02
1.3254E-02
1.3826E-02
1.6767E-02
1.3148E-02
1.3714E-02
1.6642E-02
1.3048E-02
1.3603E-02
1.6520E-02
1.2950E-02
1.3503E-02
1.6394E-02
1.2854E-02
1.3414E-02
1.6264E-02
1.2759E-02
1.3321E-02
1.6134E-02
1.2668E-02
1.3216E-02
1.6009E-02
1.2578E-02
1.3108E-02
1.5891E-02
1.2489E-02
1.3009E-02
1.5773E-02
1.2396E-02
1.2915E-02
1.5654E-02
1.2300E-02
1.2818E-02
1.5536E-02
1.2201E-02
1.2715E-02
1.5420E-02
1.2102E-02
1.2611E-02
1.5303E-02
1.2004E-02
1.2514E-02
1.5185E-02
1.1905E-02
1.2428E-02
1.5070E-02
1.1805E-02
1.2349E-02
1.4964E-02
1.1703E-02
1.2257E-02
1.4863E-02
1.1602E-02
1.2152E-02
1.4759E-02
1.1508E-02
1.2048E-02
1.4648E-02
1.1422E-02
1.1956E-02
1.4536E-02
1.1349E-02
1.1870E-02
1.4430E-02
1.1285E-02
1.1787E-02
1.4332E-02
1.1226E-02
1.1707E-02
1.4230E-02
1.1164E-02
1.1625E-02
1.4112E-02
1.1093E-02
1.1537E-02
1.3977E-02
1.1008E-02
1.1445E-02
1.3831E-02
1.0912E-02
1.1354E-02
1.3688E-02
1.0811E-02
1.1262E-02
1.3561E-02
1.0711E-02
1.1173E-02
1.3454E-02
1.0616E-02
1.1090E-02
1.3367E-02
1.0526E-02
1.1012E-02
1.3292E-02
1.0439E-02
1.0929E-02
1.3219E-02
1.0355E-02
1.0842E-02
1.3136E-02
1.0272E-02
1.0761E-02
1.3041E-02
1.0191E-02
1.0686E-02
1.2937E-02
1.0114E-02
1.0607E-02
1.2827E-02
1.0039E-02
1.0524E-02
1.2717E-02
9.9660E-03
1.0443E-02
1.2610E-02
9.8935E-03
1.0367E-02
1.2511E-02
9.8214E-03
1.0291E-02
1.2419E-02
9.7495E-03
1.0218E-02
1.2328E-02
9.6771E-03
1.0146E-02
1.2230E-02
9.6029E-03
1.0070E-02
1.2126E-02
9.5264E-03
9.9874E-03
1.2025E-02
9.4482E-03
9.9035E-03
1.1935E-02
9.3703E-03
9.8230E-03
1.1856E-02
9.2942E-03
9.7447E-03
1.1780E-02
9.2203E-03
9.6673E-03
1.1698E-02
9.1475E-03
9.5912E-03
1.1607E-02
9.0746E-03
9.5166E-03
1.1510E-02
9.0019E-03
9.4452E-03
1.1408E-02
8.9311E-03
9.3802E-03
1.1306E-02
8.8637E-03
9.3202E-03
1.1209E-02
8.7992E-03
9.2586E-03
1.1120E-02
8.7352E-03
9.1904E-03
1.1037E-02
8.6688E-03
9.1140E-03
1.0955E-02
8.5989E-03
9.0286E-03
1.0872E-02
8.5263E-03
8.9407E-03
1.0788E-02
8.4529E-03
8.8631E-03
1.0706E-02
8.3802E-03
8.7968E-03
1.0625E-02
8.3092E-03
8.7278E-03
1.0544E-02
8.2404E-03
8.6544E-03
1.0464E-02
8.1747E-03
8.5981E-03
1.0385E-02
8.1126E-03
8.5661E-03
1.0307E-02
8.0537E-03
8.5286E-03
1.0224E-02
7.9970E-03
8.4565E-03
1.0139E-02
7.9417E-03
8.3617E-03
1.0053E-02
7.8873E-03
8.2750E-03
9.9689E-03
7.8334E-03
8.2059E-03
9.8855E-03
7.7784E-03
8.1453E-03
9.8022E-03
7.7205E-03
8.0873E-03
9.7203E-03
7.6583E-03
8.0299E-03
9.6413E-03
7.5929E-03
7.9683E-03
9.5636E-03
7.5260E-03
7.9024E-03
9.4856E-03
7.4593E-03
7.8376E-03
9.4108E-03
7.3929E-03
7.7755E-03
9.3462E-03
7.3264E-03
7.7124E-03
9.2947E-03
7.2607E-03
7.6478E-03
9.2480E-03
7.1980E-03
7.5856E-03
9.1904E-03
7.1402E-03
7.5268E-03
9.1093E-03
7.0864E-03
7.4704E-03
9.0046E-03
7.0337E-03
7.4165E-03
8.8892E-03
6.9792E-03
7.3637E-03
8.7821E-03
6.9225E-03
7.3084E-03
8.6982E-03
6.8651E-03
7.2490E-03
8.6392E-03
6.8090E-03
7.1871E-03
8.5932E-03
6.7541E-03
7.1245E-03
8.5445E-03
6.6991E-03
7.0621E-03
8.4853E-03
6.6427E-03
7.0034E-03
8.4195E-03
6.5856E-03
6.9518E-03
8.3550E-03
6.5296E-03
6.9044E-03
8.2942E-03
6.4763E-03
6.8530E-03
8.2332E-03
6.4264E-03
6.7948E-03
8.1675E-03
6.3797E-03
6.7357E-03
8.0976E-03
6.3355E-03
6.6796E-03
8.0270E-03
6.2929E-03
6.6233E-03
7.9581E-03
6.2506E-03
6.5652E-03
7.8901E-03
6.2067E-03
6.5109E-03
7.8212E-03
6.1594E-03
6.4627E-03
7.7509E-03
6.1078E-03
6.4153E-03
7.6803E-03
6.0521E-03
6.3639E-03
7.6114E-03
5.9935E-03
6.3094E-03
7.5464E-03
5.9348E-03
6.2540E-03
7.4860E-03
5.8787E-03
6.1989E-03
7.4288E-03
5.8275E-03
6.1473E-03
7.3715E-03
5.7812E-03
6.1017E-03
7.3115E-03
5.7376E-03
6.0592E-03
7.2491E-03
5.6935E-03
6.0130E-03
7.1871E-03
5.6468E-03
5.9593E-03
7.1284E-03
5.5978E-03
5.9011E-03
7.0731E-03
5.5485E-03
5.8454E-03
7.0188E-03
5.5008E-03
5.7972E-03
6.9633E-03
5.4555E-03
5.7549E-03
6.9061E-03
5.4121E-03
5.7134E-03
6.8477E-03
5.3693E-03
5.6697E-03
6.7891E-03
5.3262E-03
5.6232E-03
6.7311E-03
5.2820E-03
5.5750E-03
6.6746E-03
5.2370E-03
5.5267E-03
6.6196E-03
5.1924E-03
5.4799E-03
6.5655E-03
5.1496E-03
5.4356E-03
6.5115E-03
5.1090E-03
5.3936E-03
6.4581E-03
5.0691E-03
5.3515E-03
6.4059E-03
5.0277E-03
5.3046E-03
6.3535E-03
4.9830E-03
5.2521E-03
6.2991E-03
4.9358E-03
5.2009E-03
6.2423E-03
4.8885E-03
5.1577E-03
6.1848E-03
4.8440E-03
5.1198E-03
6.1268E-03
4.8036E-03
5.0805E-03
6.0670E-03
4.7670E-03
5.0388E-03
6.0077E-03
4.7332E-03
4.9964E-03
5.9576E-03
4.7008E-03
4.9523E-03
5.9247E-03
4.6682E-03
4.9064E-03
5.9044E-03
4.6338E-03
4.8613E-03
5.8788E-03
4.5963E-03
4.8183E-03
5.8316E-03
4.5556E-03
4.7744E-03
5.7625E-03
4.5134E-03
4.7279E-03
5.6859E-03
4.4721E-03
4.6810E-03
5.6162E-03
4.4338E-03
4.6374E-03
5.5578E-03
4.3997E-03
4.6001E-03
5.5082E-03
4.3697E-03
4.5693E-03
5.4648E-03
4.3428E-03
4.5418E-03
5.4265E-03
4.3179E-03
4.5133E-03
5.3901E-03
4.2935E-03
4.4817E-03
5.3516E-03
4.2686E-03
4.4464E-03
5.3096E-03
4.2415E-03
4.4068E-03
5.2666E-03
4.2099E-03
4.3637E-03
5.2249E-03
4.1709E-03
4.3188E-03
5.1845E-03
4.1223E-03
4.2744E-03
5.1439E-03
4.0652E-03
4.2344E-03
5.1029E-03
4.0049E-03
4.2036E-03
5.0622E-03
3.9491E-03
4.1802E-03
5.0214E-03
3.9034E-03
4.1535E-03
4.9794E-03
3.8693E-03
4.1139E-03
4.9357E-03
3.8433E-03
4.0634E-03
4.8908E-03
3.8211E-03
4.0133E-03
4.8456E-03
3.7993E-03
3.9715E-03
4.8003E-03
3.7769E-03
3.9372E-03
4.7540E-03
3.7535E-03
3.9057E-03
4.7059E-03
3.7282E-03
3.8751E-03
4.6566E-03
3.7003E-03
3.8461E-03
4.6092E-03
3.6696E-03
3.8183E-03
4.5680E-03
3.6372E-03
3.7896E-03
4.5343E-03
3.6047E-03
3.7578E-03
4.5052E-03
3.5728E-03
3.7228E-03
4.4755E-03
3.5413E-03
3.6868E-03
4.4425E-03
3.5102E-03
3.6523E-03
4.4071E-03
3.4795E-03
3.6201E-03
4.3710E-03
3.4496E-03
3.5891E-03
4.3349E-03
3.4203E-03
3.5586E-03
4.2990E-03
3.3916E-03
3.5295E-03
4.2637E-03
3.3635E-03
3.5003E-03
4.2294E-03
3.3365E-03
3.4686E-03
4.1948E-03
3.3108E-03
3.4347E-03
4.1590E-03
3.2860E-03
3.4015E-03
4.1228E-03
3.2612E-03
3.3701E-03
4.0872E-03
3.2351E-03
3.3407E-03
4.0523E-03
3.2072E-03
3.3136E-03
4.0171E-03
3.1775E-03
3.2882E-03
3.9818E-03
3.1465E-03
3.2622E-03
3.9463E-03
3.1157E-03
3.2342E-03
3.9089E-03
3.0866E-03
3.2048E-03
3.8681E-03
3.0605E-03
3.1735E-03
3.8273E-03
3.0374E-03
3.1407E-03
3.7940E-03
3.0160E-03
3.1104E-03
3.7730E-03
2.9943E-03
3.0861E-03
3.7591E-03
2.9709E-03
3.0650E-03
3.7411E-03
2.9456E-03
3.0413E-03
3.7123E-03
2.9193E-03
3.0137E-03
3.6749E-03
2.8931E-03
2.9848E-03
3.6359E-03
2.8677E-03
2.9565E-03
3.5990E-03
2.8434E-03
2.9287E-03
3.5641E-03
2.8201E-03
2.9018E-03
3.5300E-03
2.7976E-03
2.8764E-03
3.4976E-03
2.7755E-03
2.8526E-03
3.4680E-03
2.7535E-03
2.8305E-03
3.4412E-03
2.7317E-03
2.8104E-03
3.4157E-03
2.7099E-03
2.7915E-03
3.3895E-03
2.6881E-03
2.7705E-03
3.3618E-03
2.6659E-03
2.7443E-03
3.3330E-03
2.6438E-03
2.7141E-03
3.3044E-03
2.6224E-03
2.6862E-03
3.2762E-03
2.6018E-03
2.6636E-03
3.2478E-03
2.5813E-03
2.6426E-03
3.2191E-03
2.5592E-03
2.6189E-03
3.1918E-03
2.5349E-03
2.5935E-03
3.1671E-03
2.5096E-03
2.5704E-03
3.1444E-03
2.4861E-03
2.5504E-03
3.1216E-03
2.4663E-03
2.5319E-03
3.0978E-03
2.4494E-03
2.5135E-03
3.0747E-03
2.4328E-03
2.4937E-03
3.0535E-03
2.4139E-03
2.4720E-03
3.0324E-03
2.3923E-03
2.4493E-03
3.0074E-03
2.3697E-03
2.4269E-03
2.9760E-03
2.3475E-03
2.4050E-03
2.9397E-03
2.3266E-03
2.3834E-03
2.9027E-03
2.3071E-03
2.3631E-03
2.8697E-03
2.2890E-03
2.3447E-03
2.8436E-03
2.2722E-03
2.3280E-03
2.8246E-03
2.2560E-03
2.3111E-03
2.8103E-03
2.2391E-03
2.2916E-03
2.7970E-03
2.2215E-03
2.2688E-03
2.7815E-03
2.2038E-03
2.2451E-03
2.7621E-03
2.1867E-03
2.2234E-03
2.7388E-03
2.1683E-03
2.2044E-03
2.7128E-03
2.1458E-03
2.1870E-03
2.6862E-03
2.1184E-03
2.1699E-03
2.6601E-03
2.0906E-03
2.1521E-03
2.6346E-03
2.0707E-03
2.1339E-03
2.6101E-03
2.0645E-03
2.1165E-03
2.5881E-03
2.0700E-03
2.0984E-03
2.5698E-03
2.0774E-03
2.0769E-03
2.5527E-03
2.0758E-03
2.0530E-03
2.5323E-03
2.0605E-03
2.0301E-03
2.5069E-03
2.0347E-03
2.0111E-03
2.4812E-03
2.0059E-03
1.9983E-03
2.4620E-03
1.9799E-03
1.9936E-03
2.4499E-03
1.9582E-03
1.9926E-03
2.4388E-03
1.9392E-03
1.9869E-03
2.4217E-03
1.9209E-03
1.9726E-03
2.3979E-03
1.9026E-03
1.9474E-03
2.3717E-03
1.8839E-03
1.9089E-03
2.3468E-03
1.8646E-03
1.8673E-03
2.3236E-03
1.8448E-03
1.8485E-03
2.3007E-03
1.8258E-03
1.8632E-03
2.2788E-03
1.8090E-03
1.8852E-03
2.2604E-03
1.7954E-03
1.8820E-03
2.2464E-03
1.7843E-03
1.8533E-03
2.2348E-03
1.7745E-03
1.8206E-03
2.2220E-03
1.7645E-03
1.7949E-03
2.2054E-03
1.7541E-03
1.7735E-03
2.1856E-03
1.7433E-03
1.7546E-03
2.1653E-03
1.7318E-03
1.7389E-03
2.1468E-03
1.7196E-03
1.7243E-03
2.1303E-03
1.7070E-03
1.7097E-03
2.1143E-03
1.6944E-03
1.6968E-03
2.0977E-03
1.6824E-03
1.6864E-03
2.0807E-03
1.6708E-03
1.6773E-03
2.0639E-03
1.6588E-03
1.6681E-03
2.0475E-03
1.6455E-03
1.6578E-03
2.0309E-03
1.6309E-03
1.6449E-03
2.0139E-03
1.6156E-03
1.6298E-03
1.9968E-03
1.6010E-03
1.6141E-03
1.9809E-03
1.5881E-03
1.5990E-03
1.9673E-03
1.5771E-03
1.5861E-03
1.9563E-03
1.5675E-03
1.5764E-03
1.9460E-03
1.5582E-03
1.5680E-03
1.9329E-03
1.5479E-03
1.5576E-03
1.9141E-03
1.5363E-03
1.5447E-03
1.8904E-03
1.5236E-03
1.5305E-03
1.8661E-03
1.5106E-03
1.5152E-03
1.8461E-03
1.4977E-03
1.4992E-03
1.8328E-03
1.4851E-03
1.4847E-03
1.8247E-03
1.4726E-03
1.4725E-03
1.8180E-03
1.4601E-03
1.4598E-03
1.8094E-03
1.4476E-03
1.4451E-03
1.7976E-03
1.4353E-03
1.4308E-03
1.7838E-03
1.4232E-03
1.4204E-03
1.7698E-03
1.4115E-03
1.4128E-03
1.7565E-03
1.4003E-03
1.4039E-03
1.7437E-03
1.3899E-03
1.3922E-03
1.7306E-03
1.3808E-03
1.3793E-03
1.7167E-03
1.3730E-03
1.3668E-03
1.7016E-03
1.3664E-03
1.3549E-03
1.6853E-03
1.3602E-03
1.3436E-03
1.6685E-03
1.3532E-03
1.3332E-03
1.6528E-03
1.3440E-03
1.3226E-03
1.6398E-03
1.3321E-03
1.3110E-03
1.6297E-03
1.3182E-03
1.2990E-03
1.6211E-03
1.3039E-03
1.2872E-03
1.6123E-03
1.2911E-03
1.2756E-03
1.6019E-03
1.2808E-03
1.2649E-03
1.5901E-03
1.2727E-03
1.2555E-03
1.5776E-03
1.2657E-03
1.2469E-03
1.5660E-03
1.2588E-03
1.2378E-03
1.5562E-03
1.2515E-03
1.2290E-03
1.5477E-03
1.2437E-03
1.2217E-03
1.5392E-03
1.2354E-03
1.2159E-03
1.5290E-03
1.2265E-03
1.2090E-03
1.5167E-03
1.2173E-03
1.1986E-03
1.5028E-03
1.2079E-03
1.1859E-03
1.4882E-03
1.1985E-03
1.1755E-03
1.4737E-03
1.1891E-03
1.1701E-03
1.4605E-03
1.1797E-03
1.1666E-03
1.4503E-03
1.1707E-03
1.1604E-03
1.4436E-03
1.1623E-03
1.1515E-03
1.4387E-03
1.1547E-03
1.1428E-03
1.4326E-03
1.1481E-03
1.1346E-03
1.4232E-03
1.1428E-03
1.1259E-03
1.4106E-03
1.1391E-03
1.1173E-03
1.3968E-03
1.1367E-03
1.1102E-03
1.3838E-03
1.1344E-03
1.1048E-03
1.3725E-03
1.1298E-03
1.1005E-03
1.3628E-03
1.1208E-03
1.0971E-03
1.3537E-03
1.1069E-03
1.0937E-03
1.3444E-03
1.0899E-03
1.0884E-03
1.3354E-03
1.0728E-03
1.0807E-03
1.3282E-03
1.0580E-03
1.0718E-03
1.3241E-03
1.0469E-03
1.0630E-03
1.3215E-03
1.0391E-03
1.0551E-03
1.3163E-03
1.0336E-03
1.0488E-03
1.3052E-03
1.0294E-03
1.0445E-03
1.2886E-03
1.0259E-03
1.0417E-03
1.2710E-03
1.0226E-03
1.0393E-03
1.2573E-03
1.0189E-03
1.0368E-03
1.2489E-03
1.0147E-03
1.0330E-03
1.2438E-03
1.0100E-03
1.0263E-03
1.2392E-03
1.0050E-03
1.0157E-03
1.2339E-03
9.9977E-04
1.0016E-03
1.2277E-03
9.9453E-04
9.8417E-04
1.2209E-03
9.8938E-04
9.6449E-04
1.2139E-03
9.8425E-04
9.4764E-04
1.2070E-03
9.7888E-04
9.4163E-04
1.2005E-03
9.7291E-04
9.4941E-04
1.1940E-03
9.6608E-04
9.6332E-04
1.1870E-03
9.5852E-04
9.7056E-04
1.1794E-03
9.5059E-04
9.6444E-04
1.1723E-03
9.4271E-04
9.4898E-04
1.1657E-03
9.3521E-04
9.3294E-04
1.1580E-03
9.2834E-04
9.2130E-04
1.1477E-03
9.2223E-04
9.1342E-04
1.1349E-03
9.1686E-04
9.0725E-04
1.1222E-03
9.1191E-04
9.0230E-04
1.1122E-03
9.0694E-04
8.9848E-04
1.1053E-03
9.0162E-04
8.9493E-04
1.1002E-03
8.9599E-04
8.9076E-04
1.0952E-03
8.9025E-04
8.8511E-04
1.0901E-03
8.8445E-04
8.7701E-04
1.0855E-03
8.7826E-04
8.6675E-04
1.0819E-03
8.7139E-04
8.5678E-04
1.0784E-03
8.6398E-04
8.4946E-04
1.0738E-03
8.5687E-04
8.4496E-04
1.0676E-03
8.5106E-04
8.4193E-04
1.0605E-03
8.4701E-04
8.3886E-04
1.0534E-03
8.4422E-04
8.3448E-04
1.0469E-03
8.4153E-04
8.2828E-04
1.0411E-03
8.3787E-04
8.2106E-04
1.0356E-03
8.3290E-04
8.1401E-04
1.0299E-03
8.2710E-04
8.0770E-04
1.0229E-03
8.2125E-04
8.0262E-04
1.0143E-03
8.1580E-04
7.9922E-04
1.0042E-03
8.1062E-04
7.9700E-04
9.9395E-04
8.0528E-04
7.9446E-04
9.8511E-04
7.9957E-04
7.9035E-04
9.7889E-04
7.9383E-04
7.8433E-04
9.7538E-04
7.8876E-04
7.7693E-04
9.7327E-04
7.8490E-04
7.6966E-04
9.7039E-04
7.8223E-04
7.6437E-04
9.6537E-04
7.8019E-04
7.6151E-04
9.5894E-04
7.7807E-04
7.5974E-04
9.5338E-04
7.7534E-04
7.5747E-04
9.4999E-04
7.7174E-04
7.5441E-04
9.4735E-04
7.6726E-04
7.5113E-04
9.4253E-04
7.6209E-04
7.4799E-04
9.3417E-04
7.5667E-04
7.4503E-04
9.2398E-04
7.5167E-04
7.4221E-04
9.1506E-04
7.4766E-04
7.3915E-04
9.0908E-04
7.4471E-04
7.3525E-04
9.0539E-04
7.4229E-04
7.3070E-04
9.0236E-04
7.3956E-04
7.2645E-04
8.9902E-04
7.3585E-04
7.2307E-04
8.9523E-04
7.3104E-04
7.2020E-04
8.9113E-04
7.2547E-04
7.1721E-04
8.8674E-04
7.1966E-04
7.1362E-04
8.8216E-04
7.1392E-04
7.0927E-04
8.7756E-04
7.0831E-04
7.0471E-04
8.7308E-04
7.0275E-04
7.0090E-04
8.6868E-04
6.9731E-04
6.9797E-04
8.6441E-04
6.9233E-04
6.9536E-04
8.6046E-04
6.8826E-04
6.9309E-04
8.5705E-04
6.8533E-04
6.9143E-04
8.5405E-04
6.8330E-04
6.8977E-04
8.5090E-04
6.8152E-04
6.8713E-04
8.4714E-04
6.7936E-04
6.8353E-04
8.4290E-04
6.7664E-04
6.7948E-04
8.3886E-04
6.7365E-04
6.7496E-04
8.3537E-04
6.7087E-04
6.7001E-04
8.3176E-04
6.6846E-04
6.6557E-04
8.2678E-04
6.6622E-04
6.6261E-04
8.2012E-04
6.6385E-04
6.6121E-04
8.1312E-04
6.6122E-04
6.6039E-04
8.0779E-04
6.5845E-04
6.5862E-04
8.0513E-04
6.5573E-04
6.5486E-04
8.0430E-04
6.5324E-04
6.4961E-04
8.0351E-04
6.5114E-04
6.4448E-04
8.0134E-04
6.4954E-04
6.4058E-04
7.9736E-04
6.4837E-04
6.3801E-04
7.9196E-04
6.4723E-04
6.3645E-04
7.8594E-04
6.4552E-04
6.3541E-04
7.8010E-04
6.4287E-04
6.3415E-04
7.7503E-04
6.3938E-04
6.3205E-04
7.7093E-04
6.3545E-04
6.2893E-04
7.6771E-04
6.3123E-04
6.2481E-04
7.6525E-04
6.2645E-04
6.1971E-04
7.6345E-04
6.2079E-04
6.1394E-04
7.6214E-04
6.1451E-04
6.0802E-04
7.6107E-04
6.0863E-04
6.0242E-04
7.5977E-04
6.0433E-04
5.9783E-04
7.5759E-04
6.0204E-04
5.9560E-04
7.5397E-04
6.0116E-04
5.9730E-04
7.4885E-04
6.0053E-04
6.0328E-04
7.4289E-04
5.9928E-04
6.1138E-04
7.3692E-04
5.9725E-04
6.1756E-04
7.3141E-04
5.9484E-04
6.1812E-04
7.2638E-04
5.9238E-04
6.1213E-04
7.2208E-04
5.8992E-04
6.0185E-04
7.1903E-04
5.8729E-04
5.9098E-04
7.1740E-04
5.8439E-04
5.8235E-04
7.1648E-04
5.8133E-04
5.7708E-04
7.1513E-04
5.7833E-04
5.7511E-04
7.1286E-04
5.7563E-04
5.7554E-04
7.1013E-04
5.7336E-04
5.7669E-04
7.0771E-04
5.7154E-04
5.7709E-04
7.0582E-04
5.7002E-04
5.7645E-04
7.0405E-04
5.6858E-04
5.7482E-04
7.0195E-04
5.6699E-04
5.7151E-04
6.9945E-04
5.6515E-04
5.6594E-04
6.9687E-04
5.6314E-04
5.5958E-04
6.9455E-04
5.6113E-04
5.5508E-04
6.9261E-04
5.5921E-04
5.5379E-04
6.9097E-04
5.5731E-04
5.5485E-04
6.8944E-04
5.5526E-04
5.5679E-04
6.8793E-04
5.5291E-04
5.5859E-04
6.8636E-04
5.5026E-04
5.5932E-04
6.8465E-04
5.4747E-04
5.5809E-04
6.8266E-04
5.4479E-04
5.5498E-04
6.8030E-04
5.4247E-04
5.5131E-04
6.7755E-04
5.4063E-04
5.4835E-04
6.7436E-04
5.3924E-04
5.4596E-04
6.7061E-04
5.3814E-04
5.4319E-04
6.6626E-04
5.3718E-04
5.3999E-04
6.6158E-04
5.3632E-04
5.3755E-04
6.5718E-04
5.3569E-04
5.3688E-04
6.5400E-04
5.3548E-04
5.3764E-04
6.5301E-04
5.3577E-04
5.3844E-04
6.5459E-04
5.3644E-04
5.3785E-04
6.5780E-04
5.3721E-04
5.3519E-04
6.6043E-04
5.3768E-04
5.3098E-04
6.6031E-04
5.3745E-04
5.2655E-04
6.5693E-04
5.3620E-04
5.2303E-04
6.5190E-04
5.3370E-04
5.2073E-04
6.4753E-04
5.2987E-04
5.1982E-04
6.4499E-04
5.2469E-04
5.2097E-04
6.4368E-04
5.1824E-04
5.2447E-04
6.4239E-04
5.1071E-04
5.2875E-04
6.4055E-04
5.0257E-04
5.3062E-04
6.3849E-04
4.9472E-04
5.2778E-04
6.3663E-04
4.8849E-04
5.2119E-04
6.3480E-04
4.8528E-04
5.1423E-04
6.3249E-04
4.8587E-04
5.0950E-04
6.2953E-04
4.8992E-04
5.0684E-04
6.2641E-04
4.9589E-04
5.0479E-04
6.2386E-04
5.0169E-04
5.0289E-04
6.2216E-04
5.0561E-04
5.0179E-04
6.2096E-04
5.0696E-04
5.0166E-04
6.1972E-04
5.0611E-04
5.0179E-04
6.1822E-04
5.0397E-04
5.0157E-04
6.1661E-04
5.0132E-04
5.0073E-04
6.1526E-04
4.9854E-04
4.9889E-04
6.1447E-04
4.9565E-04
4.9601E-04
6.1443E-04
4.9264E-04
4.9297E-04
6.1497E-04
4.8967E-04
4.9084E-04
6.1539E-04
4.8699E-04
4.8975E-04
6.1468E-04
4.8478E-04
4.8908E-04
6.1212E-04
4.8303E-04
4.8850E-04
6.0776E-04
4.8155E-04
4.8797E-04
6.0249E-04
4.8018E-04
4.8724E-04
5.9753E-04
4.7890E-04
4.8592E-04
5.9387E-04
4.7782E-04
4.8408E-04
5.9195E-04
4.7697E-04
4.8229E-04
5.9152E-04
4.7620E-04
4.8092E-04
5.9185E-04
4.7525E-04
4.7978E-04
5.9218E-04
4.7391E-04
4.7848E-04
5.9214E-04
4.7217E-04
4.7695E-04
5.9182E-04
4.7021E-04
4.7533E-04
5.9142E-04
4.6814E-04
4.7366E-04
5.9088E-04
4.6589E-04
4.7204E-04
5.8998E-04
4.6340E-04
4.7098E-04
5.8868E-04
4.6078E-04
4.7083E-04
5.8718E-04
4.5846E-04
4.7093E-04
5.8568E-04
4.5689E-04
4.7027E-04
5.8405E-04
4.5628E-04
4.6908E-04
5.8197E-04
4.5643E-04
4.6863E-04
5.7938E-04
4.5693E-04
4.6955E-04
5.7676E-04
4.5736E-04
4.7098E-04
5.7479E-04
4.5754E-04
4.7185E-04
5.7383E-04
4.5747E-04
4.7192E-04
5.7355E-04
4.5731E-04
4.7151E-04
5.7324E-04
4.5725E-04
4.7094E-04
5.7228E-04
4.5738E-04
4.7031E-04
5.7050E-04
4.5746E-04
4.6937E-04
5.6807E-04
4.5680E-04
4.6759E-04
5.6525E-04
4.5462E-04
4.6487E-04
5.6232E-04
4.5065E-04
4.6179E-04
5.5975E-04
4.4561E-04
4.5899E-04
5.5837E-04
4.4101E-04
4.5668E-04
5.5897E-04
4.3829E-04
4.5496E-04
5.6153E-04
4.3797E-04
4.5394E-04
5.6468E-04
4.3947E-04
4.5346E-04
5.6629E-04
4.4166E-04
4.5316E-04
5.6491E-04
4.4367E-04
4.5300E-04
5.6091E-04
4.4515E-04
4.5302E-04
5.5620E-04
4.4613E-04
4.5285E-04
5.5270E-04
4.4658E-04
4.5202E-04
5.5104E-04
4.4633E-04
4.5063E-04
5.5046E-04
4.4522E-04
4.4914E-04
5.4992E-04
4.4330E-04
4.4775E-04
5.4907E-04
4.4085E-04
4.4646E-04
5.4822E-04
4.3832E-04
4.4542E-04
5.4762E-04
4.3613E-04
4.4478E-04
5.4703E-04
4.3461E-04
4.4432E-04
5.4602E-04
4.3391E-04
4.4358E-04
5.4458E-04
4.3386E-04
4.4248E-04
5.4318E-04
4.3404E-04
4.4119E-04
5.4223E-04
4.3404E-04
4.3936E-04
5.4169E-04
4.3364E-04
4.3631E-04
5.4114E-04
4.3295E-04
4.3309E-04
5.4031E-04
4.3213E-04
4.3274E-04
5.3921E-04
4.3125E-04
4.3669E-04
5.3801E-04
4.3020E-04
4.4171E-04
5.3678E-04
4.2893E-04
4.4296E-04
5.3558E-04
4.2757E-04
4.3980E-04
5.3450E-04
4.2645E-04
4.3644E-04
5.3369E-04
4.2581E-04
4.3661E-04
5.3324E-04
4.2563E-04
4.3967E-04
5.3317E-04
4.2565E-04
4.4237E-04
5.3336E-04
4.2555E-04
4.4267E-04
5.3356E-04
4.2515E-04
4.4083E-04
5.3347E-04
4.2449E-04
4.3792E-04
5.3284E-04
4.2377E-04
4.3477E-04
5.3176E-04
4.2320E-04
4.3222E-04
5.3055E-04
4.2293E-04
4.3108E-04
5.2941E-04
4.2301E-04
4.3145E-04
5.2819E-04
4.2340E-04
4.3259E-04
5.2653E-04
4.2394E-04
4.3376E-04
5.2440E-04
4.2435E-04
4.3466E-04
5.2229E-04
4.2428E-04
4.3519E-04
5.2092E-04
4.2337E-04
4.3519E-04
5.2062E-04
4.2146E-04
4.3464E-04
5.2111E-04
4.1863E-04
4.3365E-04
5.2191E-04
4.1514E-04
4.3220E-04
5.2277E-04
4.1117E-04
4.3018E-04
5.2362E-04
4.0667E-04
4.2778E-04
5.2439E-04
4.0150E-04
4.2572E-04
5.2487E-04
3.9586E-04
4.2483E-04
5.2501E-04
3.9065E-04
4.2521E-04
5.2502E-04
3.8746E-04
4.2601E-04
5.2513E-04
3.8791E-04
4.2624E-04
5.2531E-04
3.9276E-04
4.2564E-04
5.2530E-04
4.0124E-04
4.2451E-04
5.2502E-04
4.1113E-04
4.2318E-04
5.2465E-04
4.1963E-04
4.2193E-04
5.2435E-04
4.2456E-04
4.2110E-04
5.2393E-04
4.2521E-04
4.2099E-04
5.2298E-04
4.2244E-04
4.2148E-04
5.2118E-04
4.1802E-04
4.2201E-04
5.1850E-04
4.1370E-04
4.2213E-04
5.1517E-04
4.1047E-04
4.2200E-04
5.1170E-04
4.0850E-04
4.2208E-04
5.0897E-04
4.0740E-04
4.2249E-04
5.0800E-04
4.0676E-04
4.2288E-04
5.0938E-04
4.0638E-04
4.2286E-04
5.1258E-04
4.0622E-04
4.2240E-04
5.1604E-04
4.0623E-04
4.2172E-04
5.1808E-04
4.0614E-04
4.2114E-04
5.1789E-04
4.0554E-04
4.2078E-04
5.1591E-04
4.0404E-04
4.2056E-04
5.1323E-04
4.0161E-04
4.2045E-04
5.1084E-04
3.9878E-04
4.2058E-04
5.0924E-04
3.9656E-04
4.2099E-04
5.0846E-04
3.9599E-04
4.2158E-04
5.0817E-04
3.9761E-04
4.2220E-04
5.0789E-04
4.0109E-04
4.2245E-04
5.0734E-04
4.0532E-04
4.2198E-04
5.0666E-04
4.0903E-04
4.2093E-04
5.0626E-04
4.1136E-04
4.1991E-04
5.0632E-04
4.1213E-04
4.1921E-04
5.0655E-04
4.1171E-04
4.1882E-04
5.0654E-04
4.1065E-04
4.1896E-04
5.0615E-04
4.0942E-04
4.1982E-04
5.0558E-04
4.0829E-04
4.2108E-04
5.0505E-04
4.0741E-04
4.2221E-04
5.0467E-04
4.0681E-04
4.2299E-04
5.0447E-04
4.0648E-04
4.2342E-04
5.0448E-04
4.0636E-04
4.2343E-04
5.0469E-04
4.0639E-04
4.2290E-04
5.0509E-04
4.0645E-04
4.2193E-04
5.0587E-04
4.0637E-04
4.2099E-04
5.0740E-04
4.0599E-04
4.2082E-04
5.0976E-04
4.0522E-04
4.2174E-04
5.1233E-04
4.0414E-04
4.2306E-04
5.1404E-04
4.0302E-04
4.2368E-04
5.1413E-04
4.0219E-04
4.2343E-04
5.1274E-04
4.0198E-04
4.2323E-04
5.1083E-04
4.0254E-04
4.2388E-04
5.0965E-04
4.0383E-04
4.2513E-04
5.1001E-04
4.0549E-04
4.2619E-04
5.1185E-04
4.0694E-04
4.2654E-04
5.1407E-04
4.0758E-04
4.2612E-04
5.1508E-04
4.0714E-04
4.2507E-04
5.1390E-04
4.0584E-04
4.2390E-04
5.1093E-04
4.0432E-04
4.2341E-04
5.0787E-04
4.0322E-04
4.2390E-04
5.0637E-04
4.0283E-04
4.2500E-04
5.0689E-04
4.0306E-04
4.2625E-04
5.0846E-04
4.0360E-04
4.2718E-04
5.0973E-04
4.0416E-04
4.2710E-04
5.1011E-04
4.0457E-04
4.2574E-04
5.1009E-04
4.0474E-04
4.2402E-04
5.1051E-04
4.0462E-04
4.2304E-04
5.1173E-04
4.0424E-04
4.2298E-04
5.1350E-04
4.0375E-04
4.2350E-04
5.1542E-04
4.0330E-04
4.2439E-04
5.1739E-04
4.0303E-04
4.2528E-04
5.1946E-04
4.0302E-04
4.2568E-04
5.2156E-04
4.0327E-04
4.2564E-04
5.2328E-04
4.0378E-04
4.2573E-04
5.2422E-04
4.0451E-04
4.2652E-04
5.2417E-04
4.0539E-04
4.2824E-04
5.2312E-04
4.0631E-04
4.3057E-04
5.2104E-04
4.0721E-04
4.3265E-04
5.1789E-04
4.0803E-04
4.3406E-04
5.1405E-04
4.0873E-04
4.3544E-04
5.1055E-04
4.0924E-04
4.3745E-04
5.0889E-04
4.0943E-04
4.3963E-04
5.1016E-04
4.0927E-04
4.4070E-04
5.1429E-04
4.0886E-04
4.3970E-04
5.2003E-04
4.0844E-04
4.3703E-04
5.2569E-04
4.0823E-04
4.3474E-04
5.2999E-04
4.0839E-04
4.3500E-04
5.3239E-04
4.0897E-04
4.3791E-04
5.3297E-04
4.0987E-04
4.4155E-04
5.3213E-04
4.1098E-04
4.4426E-04
5.3053E-04
4.1213E-04
4.4563E-04
5.2885E-04
4.1326E-04
4.4553E-04
5.2744E-04
4.1436E-04
4.4405E-04
5.2606E-04
4.1545E-04
4.4225E-04
5.2434E-04
4.1655E-04
4.4164E-04
5.2254E-04
4.1760E-04
4.4284E-04
5.2182E-04
4.1854E-04
4.4522E-04
5.2339E-04
4.1935E-04
4.4773E-04
5.2727E-04
4.2005E-04
4.4963E-04
5.3195E-04
4.2067E-04
4.5066E-04
5.3549E-04
4.2118E-04
4.5094E-04
5.3696E-04
4.2163E-04
4.5066E-04
5.3691E-04
4.2213E-04
4.4987E-04
5.3649E-04
4.2286E-04
4.4867E-04
5.3643E-04
4.2389E-04
4.4763E-04
5.3679E-04
4.2510E-04
4.4742E-04
5.3731E-04
4.2627E-04
4.4813E-04
5.3785E-04
4.2716E-04
4.4997E-04
5.3837E-04
4.2769E-04
4.5391E-04
5.3888E-04
4.2790E-04
4.5938E-04
5.3929E-04
4.2790E-04
4.6255E-04
5.3948E-04
4.2778E-04
4.6037E-04
5.3940E-04
4.2767E-04
4.5533E-04
5.3935E-04
4.2767E-04
4.5273E-04
5.3991E-04
4.2784E-04
4.5451E-04
5.4169E-04
4.2819E-04
4.5919E-04
5.4478E-04
4.2866E-04
4.6567E-04
5.4874E-04
4.2921E-04
4.7441E-04
5.5281E-04
4.2979E-04
4.8693E-04
5.5623E-04
4.3039E-04
5.0422E-04
5.5848E-04
4.3112E-04
5.2239E-04
5.5934E-04
4.3214E-04
5.3201E-04
5.5905E-04
4.3358E-04
5.2727E-04
5.5816E-04
4.3523E-04
5.1269E-04
5.5746E-04
4.3652E-04
4.9601E-04
5.5782E-04
4.3681E-04
4.7956E-04
5.5991E-04
4.3605E-04
4.6368E-04
5.6358E-04
4.3502E-04
4.5238E-04
5.6744E-04
4.3499E-04
4.4943E-04
5.6955E-04
4.3683E-04
4.5362E-04
5.6917E-04
4.4051E-04
4.6159E-04
5.6774E-04
4.4526E-04
4.7136E-04
5.6756E-04
4.5028E-04
4.8142E-04
5.6961E-04
4.5512E-04
4.9005E-04
5.7288E-04
4.5944E-04
4.9650E-04
5.7582E-04
4.6265E-04
5.0094E-04
5.7798E-04
4.6397E-04
5.0359E-04
5.7994E-04
4.6318E-04
5.0493E-04
5.8225E-04
4.6116E-04
5.0570E-04
5.8499E-04
4.5961E-04
5.0636E-04
5.8834E-04
4.6000E-04
5.0740E-04
5.9279E-04
4.6268E-04
5.0929E-04
5.9856E-04
4.6681E-04
5.1159E-04
6.0482E-04
4.7127E-04
5.1340E-04
6.0995E-04
4.7538E-04
5.1467E-04
6.1258E-04
4.7904E-04
5.1592E-04
6.1238E-04
4.8227E-04
5.1739E-04
6.1025E-04
4.8483E-04
5.1919E-04
6.0793E-04
4.8637E-04
5.2147E-04
6.0736E-04
4.8686E-04
5.2358E-04
6.0981E-04
4.8679E-04
5.2465E-04
6.1523E-04
4.8697E-04
5.2539E-04
6.2231E-04
4.8801E-04
5.2789E-04
6.2928E-04
4.8998E-04
5.3294E-04
6.3485E-04
4.9240E-04
5.3856E-04
6.3880E-04
4.9452E-04
5.4201E-04
6.4169E-04
4.9576E-04
5.4288E-04
6.4421E-04
4.9604E-04
5.4326E-04
6.4677E-04
4.9584E-04
5.4501E-04
6.4952E-04
4.9581E-04
5.4809E-04
6.5255E-04
4.9637E-04
5.5156E-04
6.5591E-04
4.9742E-04
5.5516E-04
6.5937E-04
4.9861E-04
5.5919E-04
6.6251E-04
4.9969E-04
5.6369E-04
6.6512E-04
5.0084E-04
5.6815E-04
6.6744E-04
5.0241E-04
5.7196E-04
6.6985E-04
5.0464E-04
5.7506E-04
6.7249E-04
5.0746E-04
5.7806E-04
6.7520E-04
5.1069E-04
5.8150E-04
6.7778E-04
5.1430E-04
5.8543E-04
6.8023E-04
5.1849E-04
5.8980E-04
6.8290E-04
5.2338E-04
5.9484E-04
6.8647E-04
5.2879E-04
6.0067E-04
6.9143E-04
5.3428E-04
6.0697E-04
6.9735E-04
5.3949E-04
6.1299E-04
7.0294E-04
5.4437E-04
6.1805E-04
7.0751E-04
5.4917E-04
6.2261E-04
7.1202E-04
5.5416E-04
6.2807E-04
7.1802E-04
5.5942E-04
6.3459E-04
7.2512E-04
5.6478E-04
6.4067E-04
7.3071E-04
5.6997E-04
6.4609E-04
7.3297E-04
5.7480E-04
6.5262E-04
7.3387E-04
5.7935E-04
6.6078E-04
7.3792E-04
5.8394E-04
6.6877E-04
7.4782E-04
5.8903E-04
6.7585E-04
7.6192E-04
5.9496E-04
6.8362E-04
7.7618E-04
6.0171E-04
6.9323E-04
7.8764E-04
6.0895E-04
7.0417E-04
7.9583E-04
6.1631E-04
7.1589E-04
8.0173E-04
6.2365E-04
7.2810E-04
8.0675E-04
6.3114E-04
7.3989E-04
8.1267E-04
6.3905E-04
7.5068E-04
8.2131E-04
6.4743E-04
7.6106E-04
8.3338E-04
6.5611E-04
7.7173E-04
8.4788E-04
6.6488E-04
7.8296E-04
8.6290E-04
6.7368E-04
7.9544E-04
8.7696E-04
6.8264E-04
8.1030E-04
8.8953E-04
6.9190E-04
8.2822E-04
9.0072E-04
7.0149E-04
8.4905E-04
9.1101E-04
7.1137E-04
8.7175E-04
9.2119E-04
7.2158E-04
8.9412E-04
9.3233E-04
7.3222E-04
9.1398E-04
9.4559E-04
7.4341E-04
9.3075E-04
9.6202E-04
7.5510E-04
9.4550E-04
9.8196E-04
7.6708E-04
9.5933E-04
1.0045E-03
7.7907E-04
9.7299E-04
1.0276E-03
7.9085E-04
9.8778E-04
1.0498E-03
8.0241E-04
1.0062E-03
1.0709E-03
8.1395E-04
1.0312E-03
1.0919E-03
8.2585E-04
1.0633E-03
1.1134E-03
8.3844E-04
1.0986E-03
1.1350E-03
8.5173E-04
1.1294E-03
1.1560E-03
8.6539E-04
1.1504E-03
1.1764E-03
8.7897E-04
1.1640E-03
1.1969E-03
8.9231E-04
1.1773E-03
1.2179E-03
9.0575E-04
1.1949E-03
1.2395E-03
9.1982E-04
1.2162E-03
1.2613E-03
9.3484E-04
1.2389E-03
1.2831E-03
9.5053E-04
1.2624E-03
1.3046E-03
9.6632E-04
1.2864E-03
1.3255E-03
9.8170E-04
1.3099E-03
1.3454E-03
9.9647E-04
1.3313E-03
1.3640E-03
1.0105E-03
1.3498E-03
1.3809E-03
1.0239E-03
1.3649E-03
1.3965E-03
1.0365E-03
1.3785E-03
1.4116E-03
1.0488E-03
1.3935E-03
1.4289E-03
1.0612E-03
1.4106E-03
1.4518E-03
1.0743E-03
1.4281E-03
1.4828E-03
1.0879E-03
1.4447E-03
1.5201E-03
1.1018E-03
1.4597E-03
1.5561E-03
1.1165E-03
1.4727E-03
1.5812E-03
1.1334E-03
1.4838E-03
1.5919E-03
1.1532E-03
1.4939E-03
1.5942E-03
1.1745E-03
1.5034E-03
1.5987E-03
1.1937E-03
1.5115E-03
1.6116E-03
1.2067E-03
1.5184E-03
1.6309E-03
1.2119E-03
1.5247E-03
1.6511E-03
1.2118E-03
1.5294E-03
1.6686E-03
1.2118E-03
1.5299E-03
1.6834E-03
1.2163E-03
1.5245E-03
1.6961E-03
1.2262E-03
1.5153E-03
1.7063E-03
1.2393E-03
1.5089E-03
1.7144E-03
1.2521E-03
1.5103E-03
1.7219E-03
1.2628E-03
1.5166E-03
1.7302E-03
1.2712E-03
1.5195E-03
1.7380E-03
1.2784E-03
1.5147E-03
1.7439E-03
1.2851E-03
1.5056E-03
1.7474E-03
1.2911E-03
1.4963E-03
1.7493E-03
1.2961E-03
1.4870E-03
1.7500E-03
1.3000E-03
1.4763E-03
1.7494E-03
1.3029E-03
1.4630E-03
1.7476E-03
1.3049E-03
1.4472E-03
1.7451E-03
1.3062E-03
1.4304E-03
1.7418E-03
1.3071E-03
1.4144E-03
1.7376E-03
1.3077E-03
1.3986E-03
1.7333E-03
1.3081E-03
1.3821E-03
1.7304E-03
1.3082E-03
1.3655E-03
1.7292E-03
1.3074E-03
1.3499E-03
1.7281E-03
1.3058E-03
1.3348E-03
1.7244E-03
1.3044E-03
1.3193E-03
1.7169E-03
1.3045E-03
1.3034E-03
1.7063E-03
1.3071E-03
1.2863E-03
1.6947E-03
1.3120E-03
1.2679E-03
1.6842E-03
1.3174E-03
1.2494E-03
1.6757E-03
1.3213E-03
1.2311E-03
1.6685E-03
1.3223E-03
1.2115E-03
1.6603E-03
1.3200E-03
1.1916E-03
1.6495E-03
1.3148E-03
1.1734E-03
1.6364E-03
1.3075E-03
1.1565E-03
1.6229E-03
1.2985E-03
1.1389E-03
1.6095E-03
1.2883E-03
1.1205E-03
1.5958E-03
1.2779E-03
1.1022E-03
1.5812E-03
1.2681E-03
1.0821E-03
1.5659E-03
1.2593E-03
1.0598E-03
1.5498E-03
1.2515E-03
1.0383E-03
1.5318E-03
1.2440E-03
1.0205E-03
1.5111E-03
1.2362E-03
1.0050E-03
1.4878E-03
1.2281E-03
9.8917E-04
1.4635E-03
1.2201E-03
9.7210E-04
1.4404E-03
1.2127E-03
9.5410E-04
1.4213E-03
1.2056E-03
9.3575E-04
1.4096E-03
1.1982E-03
9.1797E-04
1.4062E-03
1.1900E-03
9.0103E-04
1.4065E-03
1.1808E-03
8.8451E-04
1.4023E-03
1.1710E-03
8.6868E-04
1.3876E-03
1.1614E-03
8.5414E-04
1.3630E-03
1.1522E-03
8.4045E-04
1.3350E-03
1.1437E-03
8.2670E-04
1.3101E-03
1.1355E-03
8.1279E-04
1.2907E-03
1.1273E-03
7.9876E-04
1.2754E-03
1.1190E-03
7.8441E-04
1.2613E-03
1.1106E-03
7.6999E-04
1.2466E-03
1.1019E-03
7.5605E-04
1.2311E-03
1.0930E-03
7.4274E-04
1.2159E-03
1.0836E-03
7.3047E-04
1.2017E-03
1.0736E-03
7.1992E-04
1.1882E-03
1.0634E-03
7.1069E-04
1.1746E-03
1.0536E-03
7.0167E-04
1.1607E-03
1.0447E-03
6.9252E-04
1.1467E-03
1.0368E-03
6.8292E-04
1.1327E-03
1.0300E-03
6.7162E-04
1.1180E-03
1.0238E-03
6.5867E-04
1.1029E-03
1.0183E-03
6.4695E-04
1.0888E-03
1.0134E-03
6.3909E-04
1.0770E-03
1.0089E-03
6.3435E-04
1.0670E-03
1.0047E-03
6.3014E-04
1.0573E-03
1.0003E-03
6.2478E-04
1.0468E-03
9.9580E-04
6.1791E-04
1.0354E-03
9.9105E-04
6.1005E-04
1.0239E-03
9.8617E-04
6.0230E-04
1.0132E-03
9.8130E-04
5.9542E-04
1.0045E-03
9.7666E-04
5.8913E-04
9.9820E-04
9.7254E-04
5.8292E-04
9.9415E-04
9.6914E-04
5.7683E-04
9.9086E-04
9.6638E-04
5.7141E-04
9.8682E-04
9.6397E-04
5.6711E-04
9.8158E-04
9.6176E-04
5.6374E-04
9.7570E-04
9.5990E-04
5.6030E-04
9.6979E-04
9.5883E-04
5.5612E-04
9.6420E-04
9.5890E-04
5.5192E-04
9.5935E-04
9.6023E-04
5.4909E-04
9.5588E-04
9.6273E-04
5.4833E-04
9.5413E-04
9.6635E-04
5.4906E-04
9.5370E-04
9.7114E-04
5.4989E-04
9.5385E-04
9.7699E-04
5.4953E-04
9.5430E-04
9.8349E-04
5.4805E-04
9.5558E-04
9.9011E-04
5.4676E-04
9.5863E-04
9.9662E-04
5.4673E-04
9.6422E-04
1.0034E-03
5.4820E-04
9.7259E-04
1.0113E-03
5.5087E-04
9.8344E-04
1.0211E-03
5.5382E-04
9.9588E-04
1.0334E-03
5.5612E-04
1.0087E-03
1.0481E-03
5.5808E-04
1.0212E-03
1.0648E-03
5.6082E-04
1.0337E-03
1.0832E-03
5.6444E-04
1.0480E-03
1.1031E-03
5.6845E-04
1.0663E-03
1.1247E-03
5.7336E-04
1.0891E-03
1.1479E-03
5.7988E-04
1.1145E-03
1.1722E-03
5.8755E-04
1.1401E-03
1.1966E-03
5.9555E-04
1.1641E-03
1.2202E-03
6.0384E-04
1.1873E-03
1.2431E-03
6.1242E-04
1.2112E-03
1.2667E-03
6.2121E-04
1.2367E-03
1.2932E-03
6.3058E-04
1.2642E-03
1.3247E-03
6.4093E-04
1.2936E-03
1.3617E-03
6.5247E-04
1.3254E-03
1.4033E-03
6.6603E-04
1.3598E-03
1.4483E-03
6.8268E-04
1.3961E-03
1.4957E-03
7.0197E-04
1.4332E-03
1.5453E-03
7.2227E-04
1.4713E-03
1.5973E-03
7.4296E-04
1.5120E-03
1.6519E-03
7.6491E-04
1.5573E-03
1.7089E-03
7.8958E-04
1.6087E-03
1.7685E-03
8.1741E-04
1.6662E-03
1.8310E-03
8.4657E-04
1.7296E-03
1.8969E-03
8.7454E-04
1.7992E-03
1.9668E-03
9.0245E-04
1.8751E-03
2.0407E-03
9.3508E-04
1.9570E-03
2.1181E-03
9.7502E-04
2.0440E-03
2.1992E-03
1.0202E-03
2.1352E-03
2.2840E-03
1.0684E-03
2.2306E-03
2.3736E-03
1.1210E-03
2.3310E-03
2.4688E-03
1.1790E-03
2.4373E-03
2.5703E-03
1.2411E-03
2.5503E-03
2.6783E-03
1.3042E-03
2.6707E-03
2.7924E-03
1.3653E-03
2.7993E-03
2.9121E-03
1.4232E-03
2.9368E-03
3.0369E-03
1.4818E-03
3.0830E-03
3.1661E-03
1.5491E-03
3.2379E-03
3.2999E-03
1.6313E-03
3.4023E-03
3.4388E-03
1.7276E-03
3.5770E-03
3.5839E-03
1.8325E-03
3.7617E-03
3.7359E-03
1.9417E-03
3.9550E-03
3.8948E-03
2.0545E-03
4.1560E-03
4.0597E-03
2.1732E-03
4.3653E-03
4.2299E-03
2.3011E-03
4.5850E-03
4.4057E-03
2.4403E-03
4.8157E-03
4.5883E-03
2.5910E-03
5.0559E-03
4.7785E-03
2.7520E-03
5.3038E-03
4.9760E-03
2.9225E-03
5.5595E-03
5.1792E-03
3.1007E-03
5.8249E-03
5.3863E-03
3.2851E-03
6.1025E-03
5.5960E-03
3.4791E-03
6.3930E-03
5.8077E-03
3.6917E-03
6.6956E-03
6.0199E-03
3.9272E-03
7.0088E-03
6.2311E-03
4.1783E-03
7.3307E-03
6.4409E-03
4.4352E-03
7.6594E-03
6.6506E-03
4.6989E-03
7.9934E-03
6.8630E-03
4.9777E-03
8.3324E-03
7.0803E-03
5.2729E-03
8.6765E-03
7.3031E-03
5.5772E-03
9.0263E-03
7.5303E-03
5.8872E-03
9.3809E-03
7.7596E-03
6.2076E-03
9.7372E-03
7.9881E-03
6.5430E-03
1.0091E-02
8.2112E-03
6.8925E-03
1.0440E-02
8.4242E-03
7.2536E-03
1.0782E-02
8.6237E-03
7.6247E-03
1.1118E-02
8.8106E-03
8.0020E-03
1.1447E-02
8.9886E-03
8.3808E-03
1.1765E-02
9.1605E-03
8.7593E-03
1.2066E-02
9.3253E-03
9.1388E-03
1.2350E-02
9.4788E-03
9.5171E-03
1.2622E-02
9.6175E-03
9.8887E-03
1.2888E-02
9.7416E-03
1.0250E-02
1.3143E-02
9.8532E-03
1.0600E-02
1.3377E-02
9.9531E-03
1.0938E-02
1.3575E-02
1.0038E-02
1.1263E-02
1.3732E-02
1.0106E-02
1.1571E-02
1.3851E-02
1.0157E-02
1.1856E-02
1.3939E-02
1.0193E-02
1.2109E-02
1.4002E-02
1.0215E-02
1.2326E-02
1.4040E-02
1.0219E-02
1.2508E-02
1.4051E-02
1.0194E-02
1.2659E-02
1.4030E-02
1.0134E-02
1.2775E-02
1.3973E-02
1.0045E-02
1.2851E-02
1.3878E-02
9.9372E-03
1.2886E-02
1.3744E-02
9.8243E-03
1.2876E-02
1.3574E-02
9.7114E-03
1.2817E-02
1.3375E-02
9.5948E-03
1.2710E-02
1.3150E-02
9.4662E-03
1.2567E-02
1.2900E-02
9.3183E-03
1.2388E-02
1.2626E-02
9.1477E-03
1.2171E-02
1.2330E-02
8.9553E-03
1.1915E-02
1.2016E-02
8.7445E-03
1.1630E-02
1.1689E-02
8.5209E-03
1.1325E-02
1.1352E-02
8.2907E-03
1.1001E-02
1.1006E-02
8.0589E-03
1.0656E-02
1.0650E-02
7.8277E-03
1.0294E-02
1.0286E-02
7.5977E-03
9.9207E-03
9.9215E-03
7.3692E-03
9.5432E-03
9.5630E-03
7.1431E-03
9.1647E-03
9.2163E-03
6.9210E-03
8.7875E-03
8.8843E-03
6.7034E-03
8.4151E-03
8.5690E-03
6.4906E-03
8.0541E-03
8.2712E-03
6.2835E-03
7.7123E-03
7.9909E-03
6.0840E-03
7.3944E-03
7.7270E-03
5.8942E-03
7.1014E-03
7.4788E-03
5.7145E-03
6.8333E-03
7.2456E-03
5.5438E-03
6.5909E-03
7.0269E-03
5.3821E-03
6.3735E-03
6.8218E-03
5.2305E-03
6.1782E-03
6.6307E-03
5.0902E-03
6.0005E-03
6.4553E-03
4.9607E-03
5.8333E-03
6.2964E-03
4.8397E-03
5.6699E-03
6.1524E-03
4.7252E-03
5.5133E-03
6.0205E-03
4.6171E-03
5.3765E-03
5.8991E-03
4.5171E-03
5.2650E-03
5.7878E-03
4.4256E-03
5.1672E-03
5.6857E-03
4.3409E-03
5.0702E-03
5.5895E-03
4.2610E-03
4.9765E-03
5.4961E-03
4.1854E-03
4.8945E-03
5.4045E-03
4.1148E-03
4.8217E-03
5.3160E-03
4.0493E-03
4.7478E-03
5.2318E-03
3.9872E-03
4.6677E-03
5.1515E-03
3.9262E-03
4.5855E-03
5.0740E-03
3.8659E-03
4.5083E-03
4.9994E-03
3.8083E-03
4.4413E-03
4.9301E-03
3.7552E-03
4.3853E-03
4.8699E-03
3.7066E-03
4.3377E-03
4.8203E-03
3.6610E-03
4.2971E-03
4.7776E-03
3.6173E-03
4.2645E-03
4.7360E-03
3.5758E-03
4.2389E-03
4.6924E-03
3.5370E-03
4.2166E-03
4.6497E-03
3.5000E-03
4.1950E-03
4.6125E-03
3.4633E-03
4.1737E-03
4.5821E-03
3.4270E-03
4.1530E-03
4.5558E-03
3.3932E-03
4.1333E-03
4.5315E-03
3.3646E-03
4.1147E-03
4.5099E-03
3.3413E-03
4.0953E-03
4.4915E-03
3.3218E-03
4.0713E-03
4.4738E-03
3.3046E-03
4.0411E-03
4.4533E-03
3.2899E-03
4.0058E-03
4.4289E-03
3.2778E-03
3.9679E-03
4.4020E-03
3.2668E-03
3.9301E-03
4.3736E-03
3.2540E-03
3.8955E-03
4.3439E-03
3.2382E-03
3.8668E-03
4.3133E-03
3.2214E-03
3.8437E-03
4.2839E-03
3.2065E-03
3.8225E-03
4.2562E-03
3.1941E-03
3.7985E-03
4.2278E-03
3.1823E-03
3.7702E-03
4.1956E-03
3.1688E-03
3.7412E-03
4.1605E-03
3.1539E-03
3.7167E-03
4.1273E-03
3.1390E-03
3.6982E-03
4.0995E-03
3.1244E-03
3.6835E-03
4.0766E-03
3.1080E-03
3.6691E-03
4.0553E-03
3.0879E-03
3.6533E-03
4.0337E-03
3.0651E-03
3.6362E-03
4.0138E-03
3.0419E-03
3.6177E-03
3.9995E-03
3.0193E-03
3.5955E-03
3.9930E-03
2.9954E-03
3.5666E-03
3.9926E-03
2.9690E-03
3.5310E-03
3.9930E-03
2.9423E-03
3.4926E-03
3.9880E-03
2.9195E-03
3.4569E-03
3.9737E-03
2.9031E-03
3.4277E-03
3.9499E-03
2.8913E-03
3.4050E-03
3.9189E-03
2.8814E-03
3.3863E-03
3.8841E-03
2.8731E-03
3.3692E-03
3.8479E-03
2.8683E-03
3.3545E-03
3.8107E-03
2.8662E-03
3.3431E-03
3.7721E-03
2.8619E-03
3.3334E-03
3.7323E-03
2.8498E-03
3.3222E-03
3.6935E-03
2.8305E-03
3.3069E-03
3.6588E-03
2.8101E-03
3.2856E-03
3.6298E-03
2.7934E-03
3.2574E-03
3.6067E-03
2.7794E-03
3.2219E-03
3.5887E-03
2.7634E-03
3.1821E-03
3.5746E-03
2.7452E-03
3.1434E-03
3.5618E-03
2.7300E-03
3.1112E-03
3.5464E-03
2.7225E-03
3.0866E-03
3.5254E-03
2.7202E-03
3.0661E-03
3.5003E-03
2.7178E-03
3.0458E-03
3.4764E-03
2.7157E-03
3.0247E-03
3.4596E-03
2.7180E-03
3.0046E-03
3.4518E-03
2.7178E-03
2.9875E-03
3.4490E-03
2.6859E-03
2.9749E-03
3.4434E-03
2.5851E-03
2.9666E-03
3.4270E-03
2.4084E-03
2.9599E-03
3.3968E-03
2.2066E-03
2.9516E-03
3.3574E-03
2.0720E-03
2.9401E-03
3.3186E-03
2.0795E-03
2.9248E-03
3.2886E-03
2.2319E-03
2.9060E-03
3.2692E-03
2.4543E-03
2.8847E-03
3.2567E-03
2.6457E-03
2.8615E-03
3.2463E-03
2.7425E-03
2.8385E-03
3.2359E-03
2.7450E-03
2.8187E-03
3.2253E-03
2.6951E-03
2.8033E-03
3.2145E-03
2.6333E-03
2.7896E-03
3.2030E-03
2.5764E-03
2.7750E-03
3.1902E-03
2.5236E-03
2.7584E-03
3.1760E-03
2.4736E-03
2.7392E-03
3.1601E-03
2.4318E-03
2.7172E-03
3.1415E-03
2.4027E-03
2.6935E-03
3.1194E-03
2.3833E-03
2.6695E-03
3.0946E-03
2.3658E-03
2.6484E-03
3.0696E-03
2.3453E-03
2.6377E-03
3.0481E-03
2.3233E-03
2.6399E-03
3.0319E-03
2.3031E-03
2.6393E-03
3.0194E-03
2.2842E-03
2.6145E-03
3.0059E-03
2.2616E-03
2.5667E-03
2.9869E-03
2.2292E-03
2.5216E-03
2.9617E-03
2.1839E-03
2.4980E-03
2.9343E-03
2.1263E-03
2.4921E-03
2.9105E-03
2.0631E-03
2.4915E-03
2.8933E-03
2.0088E-03
2.4897E-03
2.8816E-03
1.9841E-03
2.4849E-03
2.8715E-03
2.0086E-03
2.4765E-03
2.8600E-03
2.0886E-03
2.4654E-03
2.8466E-03
2.2102E-03
2.4519E-03
2.8322E-03
2.3429E-03
2.4346E-03
2.8175E-03
2.4516E-03
2.4149E-03
2.8026E-03
2.5102E-03
2.3961E-03
2.7875E-03
2.5092E-03
2.3802E-03
2.7718E-03
2.4554E-03
2.3667E-03
2.7552E-03
2.3674E-03
2.3552E-03
2.7381E-03
2.2682E-03
2.3450E-03
2.7211E-03
2.1779E-03
2.3343E-03
2.7051E-03
2.1081E-03
2.3216E-03
2.6900E-03
2.0596E-03
2.3064E-03
2.6757E-03
2.0268E-03
2.2880E-03
2.6629E-03
2.0031E-03
2.2674E-03
2.6522E-03
1.9851E-03
2.2478E-03
2.6424E-03
1.9719E-03
2.2327E-03
2.6312E-03
1.9633E-03
2.2241E-03
2.6181E-03
1.9579E-03
2.2226E-03
2.6059E-03
1.9538E-03
2.2257E-03
2.5982E-03
1.9500E-03
2.2254E-03
2.5942E-03
1.9462E-03
2.2144E-03
2.5884E-03
1.9427E-03
2.1920E-03
2.5745E-03
1.9396E-03
2.1639E-03
2.5509E-03
1.9375E-03
2.1363E-03
2.5220E-03
1.9364E-03
2.1137E-03
2.4943E-03
1.9355E-03
2.1004E-03
2.4725E-03
1.9327E-03
2.0979E-03
2.4574E-03
1.9258E-03
2.1017E-03
2.4472E-03
1.9148E-03
2.1040E-03
2.4397E-03
1.9020E-03
2.1009E-03
2.4334E-03
1.8911E-03
2.0931E-03
2.4273E-03
1.8839E-03
2.0824E-03
2.4207E-03
1.8795E-03
2.0695E-03
2.4132E-03
1.8756E-03
2.0555E-03
2.4047E-03
1.8700E-03
2.0416E-03
2.3956E-03
1.8623E-03
2.0284E-03
2.3860E-03
1.8531E-03
2.0160E-03
2.3755E-03
1.8435E-03
2.0040E-03
2.3644E-03
1.8338E-03
1.9909E-03
2.3531E-03
1.8243E-03
1.9765E-03
2.3417E-03
1.8152E-03
1.9628E-03
2.3293E-03
1.8064E-03
1.9517E-03
2.3162E-03
1.7978E-03
1.9432E-03
2.3043E-03
1.7896E-03
1.9364E-03
2.2956E-03
1.7820E-03
1.9310E-03
2.2888E-03
1.7757E-03
1.9266E-03
2.2799E-03
1.7712E-03
1.9228E-03
2.2658E-03
1.7685E-03
1.9179E-03
2.2481E-03
1.7665E-03
1.9085E-03
2.2313E-03
1.7637E-03
1.8933E-03
2.2188E-03
1.7587E-03
1.8766E-03
2.2106E-03
1.7512E-03
1.8638E-03
2.2049E-03
1.7422E-03
1.8540E-03
2.1998E-03
1.7337E-03
1.8436E-03
2.1944E-03
1.7271E-03
1.8338E-03
2.1879E-03
1.7226E-03
1.8278E-03
2.1798E-03
1.7188E-03
1.8252E-03
2.1697E-03
1.7139E-03
1.8226E-03
2.1573E-03
1.7071E-03
1.8176E-03
2.1429E-03
1.6987E-03
1.8093E-03
2.1270E-03
1.6895E-03
1.7979E-03
2.1107E-03
1.6802E-03
1.7850E-03
2.0954E-03
1.6710E-03
1.7726E-03
2.0823E-03
1.6623E-03
1.7626E-03
2.0725E-03
1.6547E-03
1.7557E-03
2.0665E-03
1.6487E-03
1.7517E-03
2.0636E-03
1.6441E-03
1.7497E-03
2.0627E-03
1.6397E-03
1.7473E-03
2.0632E-03
1.6340E-03
1.7416E-03
2.0662E-03
1.6261E-03
1.7307E-03
2.0725E-03
1.6169E-03
1.7151E-03
2.0814E-03
1.6083E-03
1.6975E-03
2.0900E-03
1.6024E-03
1.6816E-03
2.0945E-03
1.6001E-03
1.6707E-03
2.0919E-03
1.6003E-03
1.6649E-03
2.0808E-03
1.6006E-03
1.6630E-03
2.0621E-03
1.5982E-03
1.6685E-03
2.0386E-03
1.5917E-03
1.6865E-03
2.0137E-03
1.5816E-03
1.7108E-03
1.9899E-03
1.5702E-03
1.7221E-03
1.9686E-03
1.5597E-03
1.7073E-03
1.9506E-03
1.5516E-03
1.6744E-03
1.9364E-03
1.5458E-03
1.6415E-03
1.9259E-03
1.5415E-03
1.6197E-03
1.9182E-03
1.5377E-03
1.6094E-03
1.9125E-03
1.5339E-03
1.6057E-03
1.9083E-03
1.5302E-03
1.6025E-03
1.9050E-03
1.5266E-03
1.5972E-03
1.9016E-03
1.5235E-03
1.5912E-03
1.8972E-03
1.5209E-03
1.5851E-03
1.8917E-03
1.5183E-03
1.5773E-03
1.8860E-03
1.5152E-03
1.5679E-03
1.8809E-03
1.5112E-03
1.5592E-03
1.8762E-03
1.5061E-03
1.5530E-03
1.8715E-03
1.5001E-03
1.5500E-03
1.8669E-03
1.4936E-03
1.5496E-03
1.8635E-03
1.4872E-03
1.5485E-03
1.8625E-03
1.4813E-03
1.5438E-03
1.8633E-03
1.4762E-03
1.5363E-03
1.8637E-03
1.4722E-03
1.5281E-03
1.8619E-03
1.4690E-03
1.5203E-03
1.8581E-03
1.4661E-03
1.5148E-03
1.8544E-03
1.4629E-03
1.5138E-03
1.8523E-03
1.4594E-03
1.5163E-03
1.8511E-03
1.4561E-03
1.5198E-03
1.8482E-03
1.4537E-03
1.5229E-03
1.8418E-03
1.4527E-03
1.5223E-03
1.8319E-03
1.4527E-03
1.5150E-03
1.8201E-03
1.4528E-03
1.5044E-03
1.8090E-03
1.4520E-03
1.4976E-03
1.8013E-03
1.4499E-03
1.4942E-03
1.7983E-03
1.4466E-03
1.4891E-03
1.7989E-03
1.4424E-03
1.4827E-03
1.8002E-03
1.4379E-03
1.4784E-03
1.8000E-03
1.4332E-03
1.4748E-03
1.7979E-03
1.4287E-03
1.4676E-03
1.7946E-03
1.4246E-03
1.4572E-03
1.7901E-03
1.4212E-03
1.4474E-03
1.7831E-03
1.4189E-03
1.4401E-03
1.7732E-03
1.4182E-03
1.4358E-03
1.7614E-03
1.4188E-03
1.4343E-03
1.7503E-03
1.4204E-03
1.4342E-03
1.7420E-03
1.4224E-03
1.4336E-03
1.7372E-03
1.4237E-03
1.4319E-03
1.7350E-03
1.4233E-03
1.4296E-03
1.7340E-03
1.4204E-03
1.4270E-03
1.7335E-03
1.4147E-03
1.4237E-03
1.7332E-03
1.4068E-03
1.4200E-03
1.7330E-03
1.3980E-03
1.4170E-03
1.7326E-03
1.3898E-03
1.4155E-03
1.7310E-03
1.3835E-03
1.4160E-03
1.7281E-03
1.3798E-03
1.4173E-03
1.7236E-03
1.3784E-03
1.4160E-03
1.7175E-03
1.3783E-03
1.4091E-03
1.7102E-03
1.3778E-03
1.3995E-03
1.7026E-03
1.3758E-03
1.3927E-03
1.6961E-03
1.3723E-03
1.3893E-03
1.6915E-03
1.3684E-03
1.3851E-03
1.6885E-03
1.3656E-03
1.3793E-03
1.6866E-03
1.3644E-03
1.3754E-03
1.6861E-03
1.3645E-03
1.3739E-03
1.6872E-03
1.3652E-03
1.3716E-03
1.6894E-03
1.3658E-03
1.3678E-03
1.6923E-03
1.3664E-03
1.3644E-03
1.6958E-03
1.3669E-03
1.3621E-03
1.6995E-03
1.3671E-03
1.3615E-03
1.7020E-03
1.3670E-03
1.3647E-03
1.7022E-03
1.3670E-03
1.3711E-03
1.7007E-03
1.3674E-03
1.3778E-03
1.6993E-03
1.3677E-03
1.3830E-03
1.6988E-03
1.3670E-03
1.3873E-03
1.6981E-03
1.3653E-03
1.3915E-03
1.6958E-03
1.3641E-03
1.3976E-03
1.6912E-03
1.3669E-03
1.4088E-03
1.6836E-03
1.3760E-03
1.4249E-03
1.6721E-03
1.3906E-03
1.4406E-03
1.6565E-03
1.4057E-03
1.4481E-03
1.6402E-03
1.4156E-03
1.4398E-03
1.6292E-03
1.4168E-03
1.4130E-03
1.6290E-03
1.4101E-03
1.3740E-03
1.6403E-03
1.3996E-03
1.3356E-03
1.6592E-03
1.3897E-03
1.3086E-03
1.6795E-03
1.3833E-03
1.2970E-03
1.6959E-03
1.3806E-03
1.2988E-03
1.7059E-03
1.3802E-03
1.3059E-03
1.7095E-03
1.3807E-03
1.3080E-03
1.7082E-03
1.3812E-03
1.2991E-03
1.7039E-03
1.3812E-03
1.2825E-03
1.6989E-03
1.3804E-03
1.2654E-03
1.6956E-03
1.3788E-03
1.2516E-03
1.6950E-03
1.3766E-03
1.2412E-03
1.6960E-03
1.3745E-03
1.2343E-03
1.6972E-03
1.3735E-03
1.2318E-03
1.6977E-03
1.3741E-03
1.2350E-03
1.6974E-03
1.3761E-03
1.2450E-03
1.6959E-03
1.3788E-03
1.2631E-03
1.6931E-03
1.3813E-03
1.2895E-03
1.6904E-03
1.3840E-03
1.3210E-03
1.6894E-03
1.3874E-03
1.3533E-03
1.6903E-03
1.3921E-03
1.3824E-03
1.6925E-03
1.3979E-03
1.4054E-03
1.6969E-03
1.4040E-03
1.4208E-03
1.7058E-03
1.4097E-03
1.4292E-03
1.7199E-03
1.4150E-03
1.4321E-03
1.7357E-03
1.4207E-03
1.4302E-03
1.7492E-03
1.4275E-03
1.4255E-03
1.7598E-03
1.4362E-03
1.4216E-03
1.7686E-03
1.4468E-03
1.4206E-03
1.7755E-03
1.4585E-03
1.4216E-03
1.7787E-03
1.4702E-03
1.4232E-03
1.7779E-03
1.4810E-03
1.4246E-03
1.7752E-03
1.4906E-03
1.4258E-03
1.7722E-03
1.4995E-03
1.4280E-03
1.7695E-03
1.5086E-03
1.4314E-03
1.7680E-03
1.5188E-03
1.4333E-03
1.7697E-03
1.5310E-03
1.4337E-03
1.7758E-03
1.5452E-03
1.4383E-03
1.7857E-03
1.5606E-03
1.4496E-03
1.8004E-03
1.5754E-03
1.4595E-03
1.8242E-03
1.5873E-03
1.4592E-03
1.8610E-03
1.5949E-03
1.4498E-03
1.9111E-03
1.5988E-03
1.4391E-03
1.9710E-03
1.6013E-03
1.4331E-03
2.0328E-03
1.6045E-03
1.4334E-03
2.0797E-03
1.6097E-03
1.4384E-03
2.0868E-03
1.6172E-03
1.4457E-03
2.0380E-03
1.6275E-03
1.4551E-03
1.9488E-03
1.6418E-03
1.4678E-03
1.8652E-03
1.6613E-03
1.4838E-03
1.8332E-03
1.6858E-03
1.5017E-03
1.8650E-03
1.7144E-03
1.5196E-03
1.9354E-03
1.7453E-03
1.5359E-03
2.0094E-03
1.7767E-03
1.5498E-03
2.0680E-03
1.8072E-03
1.5641E-03
2.1120E-03
1.8350E-03
1.5818E-03
2.1490E-03
1.8597E-03
1.6048E-03
2.1823E-03
1.8827E-03
1.6345E-03
2.2124E-03
1.9071E-03
1.6702E-03
2.2415E-03
1.9354E-03
1.7064E-03
2.2734E-03
1.9684E-03
1.7361E-03
2.3099E-03
2.0054E-03
1.7554E-03
2.3488E-03
2.0459E-03
1.7636E-03
2.3878E-03
2.0903E-03
1.7648E-03
2.4281E-03
2.1384E-03
1.7696E-03
2.4742E-03
2.1892E-03
1.7896E-03
2.5283E-03
2.2423E-03
1.8281E-03
2.5877E-03
2.2998E-03
1.8766E-03
2.6484E-03
2.3664E-03
1.9227E-03
2.7115E-03
2.4452E-03
1.9632E-03
2.7833E-03
2.5346E-03
2.0085E-03
2.8693E-03
2.6301E-03
2.0698E-03
2.9700E-03
2.7286E-03
2.1467E-03
3.0813E-03
2.8309E-03
2.2325E-03
3.1985E-03
2.9398E-03
2.3233E-03
3.3219E-03
3.0560E-03
2.4138E-03
3.4591E-03
3.1791E-03
2.4996E-03
3.6193E-03
3.3108E-03
2.5864E-03
3.8042E-03
3.4564E-03
2.6834E-03
4.0055E-03
3.6208E-03
2.7956E-03
4.2169E-03
3.8039E-03
2.9332E-03
4.4431E-03
4.0030E-03
3.1090E-03
4.6934E-03
4.2187E-03
3.3215E-03
4.9682E-03
4.4561E-03
3.5634E-03
5.2635E-03
4.7171E-03
3.8401E-03
5.5853E-03
4.9925E-03
4.1527E-03
5.9448E-03
5.2665E-03
4.4909E-03
6.3353E-03
5.5304E-03
4.8621E-03
6.7332E-03
5.7895E-03
5.2775E-03
7.1295E-03
6.0501E-03
5.7109E-03
7.5353E-03
6.3037E-03
6.1327E-03
7.9421E-03
6.5400E-03
6.5440E-03
8.3193E-03
6.7892E-03
6.9290E-03
8.7172E-03
7.1504E-03
7.3231E-03
9.3567E-03
7.7492E-03
7.9885E-03
1.0491E-02
8.6249E-03
9.1873E-03
1.2060E-02
9.6321E-03
1.0573E-02
1.3516E-02
1.0458E-02
1.1212E-02
1.4117E-02
1.0779E-02